[-1.86130846e+00 -1.72400308e+00 -1.89654326e+00 -1.94827449e+00
 -2.02580738e+00 -1.99786615e+00 -2.04480839e+00 -1.93411601e+00
 -1.86105609e+00 -1.92135561e+00 -1.91011465e+00 -1.76998818e+00
 -1.75685346e+00 -1.87455463e+00 -2.04285645e+00 -1.95640707e+00
 -1.97045648e+00 -1.89260876e+00 -1.91520870e+00 -1.91307378e+00
 -1.84552228e+00 -1.99148309e+00 -1.92357409e+00 -1.97904062e+00
 -1.94568944e+00 -1.80144238e+00 -1.79753292e+00 -1.90976894e+00
 -1.95018840e+00 -1.88691175e+00 -1.86915314e+00 -1.91561484e+00
 -1.82267749e+00 -1.77113771e+00 -1.70055330e+00 -1.80276322e+00
 -1.63651884e+00 -1.61103487e+00 -1.47018862e+00 -1.67376125e+00
 -1.75678039e+00 -1.61270463e+00 -1.68792522e+00 -1.59017909e+00
 -1.71413720e+00 -1.73427010e+00 -1.52989268e+00 -1.60096776e+00
 -1.62262893e+00 -1.61826611e+00 -1.79012632e+00 -1.70816648e+00
 -1.47737014e+00 -1.65154529e+00 -1.56425118e+00 -1.52865911e+00
 -1.56582916e+00 -1.51997685e+00 -1.65907156e+00 -1.70374167e+00
 -1.51806355e+00 -1.57277262e+00 -1.37184608e+00 -1.48064125e+00
 -1.46789777e+00 -1.33310115e+00 -1.38136566e+00 -1.49822605e+00
 -1.39360797e+00 -1.39658415e+00 -1.36242807e+00 -1.44755769e+00
 -1.43711555e+00 -1.47387636e+00 -1.45443606e+00 -1.47892845e+00
 -1.35308862e+00 -1.57005250e+00 -1.35158885e+00 -1.36190176e+00
 -1.45705903e+00 -1.48993492e+00 -1.28657556e+00 -1.34695661e+00
 -1.48869991e+00 -1.36546266e+00 -1.37701261e+00 -1.34315240e+00
 -1.28143275e+00 -1.29668617e+00 -1.37043643e+00 -1.40605819e+00
 -1.29973912e+00 -1.46481061e+00 -1.56080329e+00 -1.45123124e+00
 -1.57922542e+00 -1.52785301e+00 -1.43208003e+00 -1.32133925e+00
 -1.49448013e+00 -1.43000841e+00 -1.37135565e+00 -1.47983575e+00
 -1.31630218e+00 -1.48426735e+00 -1.42785299e+00 -1.26630318e+00
 -1.24766123e+00 -1.13703609e+00 -1.25325966e+00 -1.32759964e+00
 -1.25608659e+00 -1.47343409e+00 -1.49595082e+00 -1.49742866e+00
 -1.59855103e+00 -1.33297479e+00 -1.30203342e+00 -1.42331362e+00
 -1.32041597e+00 -1.36348748e+00 -1.16804862e+00 -1.40295506e+00
 -1.31562090e+00 -1.17700720e+00 -1.35257208e+00 -1.19547820e+00
 -1.36231267e+00 -1.21691012e+00 -1.21129346e+00 -8.79977524e-01
 -1.15280831e+00 -6.78407907e-01 -9.37710702e-01 -6.79198980e-01
  8.80318046e-01 -9.13960099e-01 -1.06616783e+00 -6.77549124e-01
 -9.24033165e-01  1.44457027e-01 -6.28696799e-01 -1.30766988e+00
 -1.15886128e+00 -1.40044188e+00 -2.22258997e+00 -3.97573829e-01
  4.32020396e-01  4.83473897e-01  1.81036079e+00  9.11395073e-01
  7.81421959e-01  1.61570895e+00 -7.49949634e-01 -9.95288491e-01
 -2.25449395e+00 -1.45028377e+00 -1.64700603e+00 -2.46469453e-01
 -3.81196328e-02 -4.21696246e-01 -2.86909652e+00 -1.73031723e+00
  9.37983215e-01 -6.40020967e-01  1.93810031e-01 -4.41259325e-01
 -9.00501668e-01  2.32696071e-01 -3.95563096e-01 -1.12502539e+00
  1.62002966e-01 -1.41709694e-03 -5.32101989e-01 -1.93142200e+00
 -3.12685537e+00 -9.64970887e-01 -1.25562668e+00 -2.00842381e+00
 -6.81264162e-01 -3.11869621e-01 -2.41598070e-01 -2.99835300e+00
 -2.26830482e+00 -2.47804523e+00  2.39747000e+00 -2.48441410e+00
  2.77819204e+00  6.75475448e-02  1.61299217e+00  3.01582888e-02
 -5.38277745e-01  2.87988687e+00 -1.18982148e+00  2.64490396e-01
 -1.73268184e-01 -1.61575651e+00  2.99375534e+00 -5.42780876e-01
 -3.06710529e+00 -2.14060020e+00 -4.56817746e-01 -3.01177430e+00
 -2.83240461e+00  1.30872512e+00 -1.10712862e+00  1.56424403e+00
 -2.23167539e+00 -2.59122062e+00  7.52116323e-01 -2.91641521e+00
 -1.64832234e+00 -2.36956573e+00  1.48431933e+00 -2.76984620e+00
 -2.36505008e+00  2.48848176e+00 -2.16060495e+00 -4.82452691e-01
  3.13006902e+00  3.07176280e+00 -2.42339253e+00 -2.38573402e-01
 -2.61765313e+00 -2.64079794e-02 -2.88485575e+00 -3.06543875e+00
 -2.46981812e+00  3.09989905e+00 -2.69432902e+00 -2.97805762e+00
 -2.41066051e+00 -2.89837193e+00  3.26441228e-01  2.54281592e+00
 -1.94595158e+00 -2.90870953e+00 -2.72312307e+00 -2.89048505e+00
 -2.92397928e+00  4.55506653e-01 -2.53942919e+00 -2.72928953e+00
 -2.35765386e+00  2.03280330e-01 -2.35723948e+00  7.51616955e-01
 -5.79157770e-01 -3.51773620e-01 -2.06775475e+00 -1.45259595e+00
 -2.34554958e+00  2.78816628e+00  3.93613577e-01 -2.46162653e+00
  1.78128195e+00 -2.24026918e+00 -2.30174232e+00 -2.98778009e+00
 -1.75959659e+00 -2.60224485e+00 -2.37108731e+00 -2.36751413e+00
  4.81096119e-01  1.75321889e+00  1.44275534e+00 -2.60680604e+00
 -2.92338467e+00 -6.57951951e-01 -6.26247108e-01 -5.73958695e-01
 -3.66519243e-01 -1.97058547e+00 -6.92392349e-01  4.95430410e-01
  2.38374069e-01  1.97286093e+00 -2.73342538e+00 -2.47302651e+00
 -1.67465854e+00 -2.61809087e+00 -2.29267073e+00 -2.97919846e+00
 -3.05787730e+00 -3.06190252e+00 -2.68923450e+00 -2.26167059e+00
 -3.10777521e+00 -3.08627772e+00 -1.59449136e+00 -1.74071372e+00
 -2.17562914e+00 -4.29569662e-01 -1.68039811e+00 -2.02398419e-01
 -2.57437420e+00 -1.54838598e+00 -2.63867640e+00 -2.62703753e+00
 -3.09495878e+00 -1.63351619e+00 -2.98762965e+00 -2.86549520e+00
 -3.04179120e+00 -2.24000645e+00 -2.51196337e+00 -2.47637129e+00
 -2.13817883e+00 -2.43214083e+00 -1.09709524e-01  2.58040726e-01
 -3.48776251e-01  3.39836270e-01 -1.48391724e+00 -7.39509761e-01
 -3.03651428e+00 -2.75901771e+00 -1.28740035e-02  4.51662064e-01
 -3.09107471e+00 -2.35138126e-02 -2.35389948e+00 -2.97525430e+00
 -2.14605403e+00 -2.52340412e+00  4.86997575e-01 -1.75689951e-01
 -2.82530165e+00 -3.00254250e+00  1.55168757e-01 -2.73829699e+00
 -1.26814437e+00 -3.08706689e+00 -2.28199840e+00  1.40836090e-01
  3.05715322e+00 -2.51822972e+00 -2.79959631e+00 -3.11320662e+00
 -1.41608715e-01 -3.13700843e+00 -3.06096220e+00 -3.08524609e+00
 -3.11415696e+00 -2.41384315e+00  2.85479403e+00  3.12675810e+00
 -2.47487712e+00  2.82396245e+00 -3.13690543e+00 -2.92100525e+00
 -7.63680816e-01  2.00463265e-01 -2.69487715e+00  2.12310135e-01
  9.61964965e-01  7.35996544e-01  1.06953120e+00 -1.92849243e+00
  3.01072359e+00  3.04928327e+00 -2.01431322e+00 -2.46773815e+00
 -4.89184111e-01 -2.73669338e+00 -2.88299227e+00 -2.54852533e+00
 -2.46247578e+00 -2.17333841e+00 -2.12953758e+00 -2.31263804e+00
 -2.42922735e+00 -2.20421767e+00 -2.19525790e+00 -2.69584346e+00
 -3.01899886e+00 -6.05502605e-01 -2.02250624e+00 -2.41910577e+00
 -2.83308101e+00 -2.50123572e+00 -1.68890223e-01 -2.55042219e+00
 -2.50088525e+00 -3.13292456e+00 -3.00115228e+00 -2.69301414e+00
 -1.65219843e+00  7.49284208e-01 -3.03312683e+00  3.10862446e+00
 -2.82256556e+00 -3.04162335e+00  8.62672105e-02 -2.77472806e+00
 -9.04980302e-01 -2.87465525e+00 -2.66306591e+00 -3.10744619e+00
  2.99818969e+00  3.12169957e+00 -1.76918435e+00 -2.25100636e+00
 -1.17396724e+00 -2.99181104e+00 -2.10026097e+00 -3.12777495e+00
  2.32708883e+00 -1.38620329e+00 -3.13411617e+00 -1.77137494e-01
 -5.82835436e-01 -2.03270864e+00 -1.56886673e+00 -2.24389291e+00
  4.32213783e-01 -1.07363713e+00 -1.99271691e+00 -2.87140417e+00
 -2.30043888e+00 -2.96784973e+00 -3.05193019e+00  3.01007605e+00
 -2.33959866e+00 -3.03718400e+00 -2.71005082e+00 -1.60879230e+00
 -2.98757100e+00 -2.82047004e-01 -1.73228967e+00 -2.81387639e+00
 -2.86723590e+00 -1.47287333e+00 -2.14796019e+00 -1.89742398e+00
 -1.65338659e+00 -2.19589520e+00 -9.47750330e-01 -2.16794658e+00
 -1.61495972e+00 -2.43024778e+00 -3.01687050e+00 -2.58748198e+00
 -2.89226151e+00 -8.54883552e-01  2.96921682e+00 -3.01914859e+00
 -2.93979502e+00 -2.32823610e+00 -2.73066974e+00  3.31686325e-02
 -2.58138084e+00 -2.33991528e+00  1.80725980e+00 -2.09749556e+00
 -3.11386275e+00  3.12577581e+00 -2.74078321e+00 -2.56222320e+00
 -2.48537207e+00 -1.33449340e+00 -2.51983255e-01 -2.34653234e+00
 -2.60352516e+00 -2.26921511e+00 -2.16180730e+00 -1.40318406e+00
 -2.55133986e+00 -2.31878686e+00 -2.38436699e+00 -2.46093082e+00
 -2.79774952e+00 -2.73568940e+00 -2.70991755e+00  4.73033249e-01
 -2.95322490e+00 -2.84477091e+00 -2.89465976e+00 -3.05147910e+00
 -2.01000762e+00  2.92429757e+00  3.04502654e+00 -2.81530833e+00
  3.09615755e+00  2.93439507e+00  2.52632797e-01 -2.87848282e+00
 -3.06956601e+00 -2.07929626e-01 -7.77431726e-01  3.09152222e+00
 -2.80110264e+00 -2.11413097e+00 -2.58757782e+00 -2.57231021e+00
 -2.74804235e+00  7.45422721e-01 -1.56977043e-01  5.44995606e-01
 -2.45570707e+00 -1.80657005e+00 -2.11821580e+00 -2.74188280e+00
 -1.30601597e+00 -7.73752987e-01 -1.51263380e+00 -1.47542977e+00
 -2.41277122e+00  1.84954762e+00 -2.92224216e+00 -1.84550440e+00
 -2.04442739e+00 -2.64814806e+00  2.73748350e+00  2.51090574e+00
 -1.80194986e+00  2.73808241e-02  1.16263604e+00 -3.11961007e+00
 -3.11277032e+00  3.01764441e+00 -3.08940482e+00  3.02138448e+00
 -2.95884037e+00 -3.13994122e+00 -3.09629512e+00 -2.57843161e+00
 -2.64816475e+00 -2.30495000e+00 -2.01418233e+00 -1.77905846e+00
 -2.01811051e+00  9.36997414e-01 -2.78006768e+00 -2.25029373e+00
  3.04159737e+00 -1.97724438e+00 -2.82667232e+00 -2.69031835e+00
  3.09563565e+00 -2.90384817e+00 -2.70366359e+00 -1.64934647e+00
  3.12110567e+00 -3.05927491e+00 -4.39409107e-01 -3.13306260e+00
 -2.75260162e+00  6.36686802e-01  9.56103802e-01 -8.47192183e-02
 -3.17594886e-01 -2.97424197e+00 -2.64868259e+00 -2.66802335e+00
 -3.01739025e+00 -2.37758398e+00 -1.47814941e+00 -1.25158238e+00
 -1.51576996e+00 -2.30768040e-01 -2.88223052e+00 -2.56659627e+00
 -8.08650434e-01 -4.86167908e-01  9.56898928e-01  2.85201406e+00
  4.36122864e-01  8.10637534e-01  4.74315971e-01 -1.44402862e+00
 -7.67204523e-01 -2.51752049e-01 -2.25781107e+00 -3.08598447e+00
 -1.76258516e+00 -1.34890056e+00 -6.15539730e-01 -1.71033347e+00
 -9.08942103e-01  2.63994312e+00 -1.58737493e+00 -3.12985158e+00
 -2.99227047e+00  3.00122857e+00 -2.52846479e+00 -2.86362624e+00
  3.13995576e+00  3.01305652e+00  1.60129592e-01 -2.92536712e+00
  3.05098748e+00 -1.82162893e+00  2.96622396e+00 -3.13867140e+00
  3.12672687e+00 -9.28057432e-01 -9.91512716e-01 -3.20933223e-01
 -6.60730422e-01 -7.93902338e-01 -5.39986372e-01  2.40239739e+00
  2.96189594e+00  3.09603333e+00 -1.93257713e+00 -3.30507249e-01
 -3.65933567e-01 -4.60998416e-01 -4.29534316e-01 -7.37865567e-01
 -4.30512391e-02 -4.51225162e-01 -6.00051463e-01 -5.26454687e-01
 -5.58676660e-01 -4.60385650e-01 -4.17682528e-01 -4.08070207e-01
 -2.66339421e-01 -5.34953713e-01 -8.20353568e-01 -6.25825346e-01
 -7.68731534e-01 -1.06673276e+00 -8.23435128e-01 -7.85824776e-01
 -5.30116081e-01 -7.73961425e-01 -4.82771784e-01 -8.37261379e-01
 -1.01020563e+00 -6.16777062e-01 -8.30114841e-01 -2.14314625e-01
 -6.02149308e-01 -1.10104537e+00 -9.90618825e-01 -3.54974836e-01
 -8.83524477e-01 -6.81561232e-01 -3.48477900e-01 -5.83703756e-01
  4.48327512e-01  7.31523693e-01 -3.81725013e-01 -5.14830112e-01
 -6.21672332e-01 -4.84118998e-01 -5.78526437e-01 -3.74212503e-01
 -5.17794669e-01  4.36297357e-02 -5.31758666e-01 -6.53496981e-01
 -4.93775547e-01 -9.66010332e-01 -6.05434060e-01 -7.59575367e-01
 -6.20614290e-01 -9.20005500e-01 -5.20261884e-01 -9.47090805e-01
 -1.01201272e+00 -1.28147411e+00 -7.47620225e-01 -9.75000739e-01
 -9.35025156e-01 -8.25063109e-01 -5.47804058e-01 -8.58818471e-01
 -7.26113677e-01 -7.70182729e-01 -6.96217418e-01 -9.45123076e-01
 -9.33861673e-01 -5.78330994e-01 -9.66419995e-01 -8.06438267e-01
 -8.63608837e-01 -7.28656471e-01 -6.06574833e-01 -4.57852364e-01
 -4.24187511e-01 -2.43425518e-01 -3.89257133e-01 -3.25896084e-01
 -3.26247722e-01 -7.12595820e-01 -3.52732241e-01 -5.12583375e-01
 -5.14290094e-01 -6.72624707e-01 -7.65384674e-01 -5.42139769e-01
 -6.32315040e-01 -7.09025264e-01 -6.64981127e-01 -5.36884069e-01
 -5.33530295e-01 -6.36048615e-01 -2.55510241e-01 -4.37809080e-01
 -6.24933362e-01 -8.31348240e-01 -5.98798037e-01 -8.31692219e-01
 -3.02861810e-01 -6.64092898e-01 -8.56299579e-01 -6.64658546e-01
 -7.81309783e-01 -5.86474657e-01 -7.53292263e-01 -5.40556908e-01
 -3.54499817e-01 -6.36384606e-01 -6.60099983e-01 -5.70151806e-01
 -7.70005405e-01 -7.25820303e-01 -5.44609070e-01 -9.39249516e-01
 -5.92751443e-01 -8.18132162e-01 -8.30286443e-01 -8.91141236e-01
 -6.59522653e-01 -8.79066586e-01 -6.09446585e-01 -1.00518620e+00
 -5.84245563e-01 -6.38249159e-01 -3.85170162e-01 -5.97532630e-01
 -7.03291416e-01  5.29009938e-01  1.35275531e+00  2.91182232e+00
 -2.30629373e+00 -2.77916598e+00 -3.06767201e+00  3.12113523e+00
  3.13402486e+00 -3.04566646e+00 -3.10030174e+00  3.12245440e+00
 -3.02877188e+00  3.06015134e+00 -3.13614655e+00  3.13847065e+00
 -3.06811953e+00 -3.06790423e+00 -1.77297187e+00  3.11849475e+00
 -3.11702204e+00 -3.04062986e+00 -2.56108236e+00 -2.20534945e+00
 -1.80122745e+00 -2.25690675e+00 -1.18479800e+00 -8.31912994e-01
  3.09508276e+00 -3.09255028e+00 -3.04794025e+00 -2.31608558e+00
 -2.59548545e+00 -2.45861739e-01 -3.11381149e+00 -3.08496237e+00
 -3.00577331e+00  3.12972760e+00  1.77062881e+00  2.08275414e+00
 -3.05449319e+00 -2.58692980e+00 -2.78836608e+00 -2.99039340e+00
 -2.97825599e+00  3.00537276e+00 -2.93097734e+00  3.12628198e+00
  6.71461105e-01 -2.34725952e+00  2.94079447e+00 -1.45108211e+00
 -1.76153600e+00 -2.59349155e+00 -2.70104861e+00 -3.12849355e+00
  2.92477155e+00  3.01519322e+00 -2.84290528e+00 -2.99870133e+00
 -3.10083675e+00 -3.08173394e+00 -1.99547493e+00 -2.97455001e+00
  2.72560334e+00 -6.07527435e-01 -7.62216985e-01  2.95401192e+00
 -3.06478548e+00 -2.92838264e+00 -3.13171291e+00 -2.88428187e+00
  3.13951516e+00 -2.93851256e+00 -1.87823403e+00 -3.12566018e+00
  3.13589668e+00  3.07784367e+00  3.13214207e+00 -2.67439938e+00
  3.13010073e+00 -2.50241137e+00 -2.65446043e+00 -6.73819840e-01
  1.04843724e+00  3.06691337e+00  3.07776165e+00 -3.07118654e+00
  3.11288071e+00 -2.96697569e+00 -2.75660062e+00 -6.47030592e-01
 -9.57622170e-01 -1.06169558e+00 -1.54318905e+00 -1.18629229e+00
 -1.17862976e+00 -1.13034666e+00 -1.08149445e+00 -8.53540123e-01
 -8.94571364e-01 -1.10404563e+00 -1.16033256e+00 -1.27845144e+00
 -1.29933631e+00 -1.49632907e+00 -1.51355577e+00 -1.61830521e+00
 -1.64728057e+00 -1.50208676e+00 -1.31644845e+00 -8.32531989e-01
 -8.47979248e-01 -7.67297089e-01 -7.06354439e-01 -7.98585474e-01
 -7.19236314e-01 -5.17677784e-01  2.10791770e-02  2.55862832e+00
  2.62658811e+00  2.79043889e+00 -7.70136058e-01  6.31851792e-01
  1.76692867e+00  2.28221416e-01 -5.90719521e-01  2.23164201e+00
  2.91387129e+00 -5.40581167e-01  3.10599178e-01 -3.73704314e-01
 -1.23665780e-02  6.68610036e-02  2.18025303e+00  2.23290873e+00
  8.06868613e-01  9.22824442e-01 -2.71193385e+00 -2.98160934e+00
 -1.83512044e+00 -2.56838131e+00 -3.04117608e+00 -9.29949880e-01
 -2.39361787e+00  1.30107355e+00 -2.99740887e+00  6.83933973e-01
 -1.01709473e+00 -1.66052389e+00 -1.40634680e+00 -1.07765317e+00
 -1.02539539e+00 -1.06736982e+00 -1.02277160e+00 -9.73151803e-01
 -1.07053411e+00 -1.00951290e+00 -1.02969682e+00 -8.83600831e-01
 -7.11775839e-01 -7.87472665e-01 -6.99526250e-01 -5.72176576e-01
 -6.18071437e-01 -6.47951961e-01 -6.06055260e-01 -5.06868124e-01
 -3.87090802e-01 -5.15340328e-01 -5.01397073e-01 -4.25451756e-01
 -1.81315005e-01 -4.44900960e-01 -2.52714604e-01 -3.16769332e-01
 -4.36853826e-01 -3.01269770e-01 -2.44744077e-01 -3.84041876e-01
 -3.38647723e-01 -3.59077781e-01 -5.07805884e-01 -4.43805516e-01
 -4.31178153e-01 -4.73774612e-01 -3.10760885e-01 -5.16870558e-01
 -2.95321513e-02 -1.64997265e-01 -2.84329325e-01 -1.53293967e-01
 -2.87796259e-01 -4.09131885e-01 -3.81243169e-01 -3.64355445e-01
 -3.79687697e-01 -3.80246162e-01 -3.46144766e-01 -8.89153183e-02
 -1.75365701e-01 -1.74742430e-01 -3.19608539e-01 -1.50903895e-01
 -2.30443284e-01 -1.72857214e-02  9.38105360e-02  1.41897593e-02
  7.90949794e-04  3.39901783e-02  5.29324785e-02  2.51479059e-01
  1.62746996e-01  8.86672661e-02  1.74109161e-01  1.24381995e-02
  4.04617973e-02  2.96243131e-01  3.51193517e-01  2.78178871e-01
  2.03255847e-01  5.89053482e-02  1.74980015e-01  3.21583301e-01
  2.66875267e-01  1.22295856e-01  2.53518254e-01  4.55343314e-02
  1.05950870e-01  1.53092623e-01  2.22080320e-01  1.85506001e-01
  9.98316854e-02  1.32453248e-01  1.85886621e-01  1.31834865e-01
  1.26704991e-01  1.97570160e-01  1.51184976e-01  3.10346752e-01
  2.09925756e-01  1.29295811e-01 -1.59158632e-02  1.43313274e-01
  6.36565015e-02  1.46825120e-01  7.16262460e-02  1.37424767e-01
  1.04504004e-01  1.93685308e-01  1.54465765e-01  1.66096941e-01
  2.48816580e-01  2.86931783e-01  2.27138400e-01  2.86525607e-01
  4.34689313e-01  2.40699366e-01  1.94669098e-01  3.56730819e-01
  2.56760329e-01  2.42931798e-01  3.18309247e-01  4.84232962e-01
  4.99690473e-01  5.23535371e-01  4.45345759e-01  4.86950219e-01
  4.53349203e-01  4.51957941e-01  5.92730463e-01  3.96579027e-01
  7.08846331e-01  6.68599248e-01  5.30714273e-01  6.29815161e-01
  6.25226617e-01  6.77434742e-01  7.09770083e-01  9.25691843e-01
  8.72887373e-01  8.14813733e-01  7.51298726e-01  7.43198872e-01
  8.99792135e-01  8.52276921e-01  8.42233181e-01  8.54444385e-01
  9.58626032e-01  9.00556326e-01  9.89479005e-01  8.67013693e-01
  1.04706597e+00  8.43990266e-01  9.81978953e-01  8.22955847e-01
  9.24463034e-01  1.11410213e+00  8.96433711e-01  8.56719851e-01
  1.13539481e+00  1.21909249e+00  1.10934401e+00  1.19085896e+00
  1.32765436e+00  1.32024670e+00  1.37838364e+00  1.39381635e+00
  1.37748063e+00  1.39023352e+00  1.36369812e+00  1.26268053e+00
  1.15817189e+00  1.04472959e+00  1.07320654e+00  1.21747768e+00
  1.13020039e+00  1.11515582e+00  1.23692942e+00  1.16581523e+00
  1.15089190e+00  1.26570463e+00  1.21052885e+00  1.31710315e+00
  1.24354243e+00  1.13060498e+00  1.25235438e+00  1.26893544e+00
  1.25506651e+00  1.44345665e+00  1.19606447e+00  1.21010447e+00
  1.15702260e+00  1.25059867e+00  1.22164774e+00  1.08042884e+00
  1.14770353e+00  1.11792696e+00  9.18650627e-01  1.09838760e+00
  9.35532928e-01  9.39477086e-01  8.65741432e-01  9.00043011e-01
  9.13558900e-01  6.95704758e-01  9.71316159e-01  9.32751060e-01
  9.47313190e-01  1.08430934e+00  9.36644137e-01  9.24606800e-01
  9.54086602e-01  7.88813114e-01  7.93305278e-01  7.58490920e-01
  7.35022604e-01  9.41424429e-01  1.05448949e+00  9.48428571e-01
  7.12240100e-01  7.42731333e-01  8.89831662e-01  7.35861421e-01
  7.13878334e-01  7.60716617e-01  6.65628612e-01  6.97315454e-01
  7.01384604e-01  7.94083536e-01  5.56003213e-01  6.23828411e-01
  5.73704064e-01  5.83474338e-01  3.02686691e-01  3.08319956e-01
  4.49022412e-01  4.92621332e-01  4.73093033e-01  5.19309938e-01
  3.93314183e-01  4.88671839e-01  3.86894763e-01  5.56242466e-01
  4.14483130e-01  5.28975725e-01  5.99082828e-01  6.05513930e-01
  6.09801590e-01  6.06376529e-01  5.23911059e-01  5.26047051e-01
  5.60096025e-01  6.75707161e-01  9.35532868e-01  7.70772278e-01
  7.32630253e-01  6.20471120e-01  7.25974143e-01  5.43199360e-01
  5.94683349e-01  7.13669717e-01  6.44293785e-01  5.51250696e-01
  5.12353480e-01  4.27748144e-01  7.21075952e-01  7.70183027e-01
  4.70918655e-01  6.12458825e-01  8.57169390e-01  6.09531283e-01
  5.59930623e-01  5.74427366e-01  6.58068538e-01  7.41305530e-01
  8.08022082e-01  8.42377365e-01  7.42040157e-01  6.91378415e-01
  6.73207045e-01  9.39475536e-01  8.15748334e-01  1.03212261e+00
  9.02126014e-01  9.76007044e-01  9.51009989e-01  8.40896964e-01
  9.84750271e-01  9.00836527e-01  9.75796878e-01  9.40071702e-01
  1.07066977e+00  9.36988890e-01  8.14877212e-01  6.86587572e-01
  8.52628589e-01  8.94025385e-01  8.37673903e-01  7.31817603e-01
  7.39824653e-01  7.39213169e-01  6.85986519e-01  6.94533348e-01
  5.61229885e-01  5.49929500e-01  5.31570256e-01  5.06665051e-01
  6.74340725e-01  5.47832906e-01  5.30095220e-01  5.92672706e-01
  7.39724338e-01  7.68131196e-01  8.03693473e-01  1.05834305e+00
  1.18195057e+00  1.13926375e+00  1.19132137e+00  1.13829780e+00
  1.10635316e+00  1.03667140e+00  1.08373117e+00  1.18564880e+00
  9.97241437e-01  9.22119796e-01  1.18552327e+00  1.00049615e+00
  1.24370742e+00  1.27669418e+00  1.36355197e+00  1.14852810e+00
  1.04054856e+00  1.26948059e+00  1.13378882e+00  1.28927779e+00
  1.30406380e+00  1.37288177e+00  1.43933010e+00  1.40097225e+00
  1.46830392e+00  1.31201422e+00  1.18847382e+00  1.25054073e+00
  1.46808755e+00  1.49475551e+00  1.20249104e+00  1.51036143e+00
  1.36240482e+00  1.33028555e+00  1.38216543e+00  1.38989162e+00
  1.47567368e+00  1.36862707e+00  1.36697376e+00  1.36121762e+00
  1.37919688e+00  1.35278583e+00  1.44426107e+00  1.45181656e+00
  1.29328001e+00  1.19819975e+00  1.07064760e+00  1.07683802e+00
  9.84200776e-01  1.07649338e+00  1.19651866e+00  1.07658088e+00
  1.05412257e+00  1.03398657e+00  1.19676256e+00  1.18840623e+00
  1.16299820e+00  1.06327367e+00  1.20797324e+00  1.17111301e+00
  1.06613266e+00  1.13322902e+00  1.09654546e+00  1.01827335e+00
  9.25911963e-01  8.90608549e-01  9.48015392e-01  9.41902280e-01
  9.39531684e-01  1.12266243e+00  8.65858257e-01  9.45576191e-01
  8.10166240e-01  9.73487854e-01  1.03696430e+00  1.09495175e+00
  1.06290448e+00  1.07799232e+00  1.06173098e+00  1.04764271e+00
  1.03549361e+00  1.03916931e+00  1.19234967e+00  1.11147070e+00
  9.67246234e-01  1.14992857e+00  1.20941830e+00  1.10902119e+00
  1.15643156e+00  1.18923938e+00  1.03077114e+00  9.54945922e-01
  8.40360999e-01  1.00867093e+00  9.23993468e-01  9.53972459e-01
  8.69844854e-01  8.03937316e-01  9.50063765e-01  8.64808738e-01
  9.44029212e-01  7.66768754e-01  9.17050898e-01  7.51157403e-01
  6.09346747e-01  7.08945274e-01  5.95883429e-01  7.07617521e-01
  6.96089327e-01  6.07514441e-01  8.03563297e-01  6.95873082e-01
  7.00191736e-01  8.42449248e-01  8.80308211e-01  7.43319452e-01
  7.04231799e-01  7.00319469e-01  7.00328231e-01  7.80581117e-01
  6.87341154e-01  6.92569852e-01  6.98373973e-01  6.71565711e-01
  5.50959229e-01  6.15557313e-01  5.89682102e-01  5.38292408e-01
  3.58039320e-01  4.98265743e-01  4.74328756e-01  5.05235851e-01
  5.37522137e-01  4.88788933e-01  4.64207023e-01  3.94086927e-01
  3.92170995e-01  5.13969362e-01  4.76639003e-01  4.20936286e-01
  4.51504558e-01  4.02621031e-01  4.59613025e-01  4.41269279e-01
  5.98545313e-01  4.56296563e-01  5.87222040e-01  4.52188671e-01
  5.97542465e-01  6.90505385e-01  6.14302635e-01  5.17270863e-01
  5.74777842e-01  5.10877073e-01  4.00855333e-01  4.28361267e-01
  4.40309405e-01  5.34098744e-01  3.73454839e-01  3.60828161e-01
  4.50443745e-01  3.86073560e-01  4.98083979e-01  4.86991942e-01
  4.56369340e-01  3.80695879e-01  4.98909265e-01  3.64045054e-01
  4.56060529e-01  4.34802443e-01  5.85202813e-01  6.23194635e-01
  6.86841667e-01  4.55748200e-01  6.02234542e-01  4.45956707e-01
  4.87360418e-01  4.16017205e-01  3.54302704e-01  2.44010538e-01
  2.47203991e-01  3.27287495e-01  3.26525331e-01  4.23983097e-01
  2.58807808e-01  3.22027326e-01  4.11547303e-01  2.49512494e-01
  2.38942295e-01  2.63551265e-01  2.89844215e-01  2.49671340e-01
  3.63456696e-01  4.02878672e-01  3.41307431e-01  4.36194599e-01
  3.15177232e-01  4.06700253e-01  4.62290734e-01  4.68274713e-01
  5.22671282e-01  4.20285285e-01  4.09636974e-01  3.05496603e-01
  3.88519078e-01  4.25771475e-01  3.47129583e-01  5.08403420e-01
  3.38854194e-01  3.55754405e-01  4.63146627e-01  4.60103512e-01
  5.74360907e-01  4.87052828e-01  4.84466076e-01  4.31339175e-01
  6.17922485e-01  5.53567111e-01  5.89742303e-01  6.60495758e-01
  5.18110693e-01  6.03533089e-01  4.03975338e-01  4.85962629e-01
  5.44755280e-01  4.95978832e-01  5.21866858e-01  4.96247441e-01
  5.10440826e-01  4.92278755e-01  4.82791156e-01  4.29803520e-01
  5.88813663e-01  4.61925715e-01  5.93408763e-01  6.44423783e-01
  6.53782427e-01  7.98816979e-01  8.39202821e-01  7.96042979e-01
  8.51759851e-01  9.03453231e-01  8.57047081e-01  8.57860446e-01
  8.27562094e-01  8.36267889e-01  9.32517529e-01  8.30434501e-01
  9.70560670e-01  7.55244851e-01  9.35350358e-01  8.71303976e-01
  9.36142862e-01  8.74586165e-01  8.81455362e-01  9.48806643e-01
  9.00361061e-01  8.70741367e-01  8.78001511e-01  9.33838427e-01
  8.92469764e-01  8.12000394e-01  9.49479103e-01  9.64597344e-01
  8.92898560e-01  9.41128314e-01  9.32705581e-01  1.03035510e+00
  1.06600130e+00  9.49189246e-01  1.09121633e+00  9.97992456e-01
  1.03763866e+00  8.47840309e-01  1.03452802e+00  9.66740966e-01
  8.45590711e-01  8.50926876e-01  8.07878494e-01  8.80173624e-01
  1.01907063e+00  8.86114538e-01  1.02114034e+00  9.00990665e-01
  1.09303105e+00  1.07896805e+00  1.23207891e+00  1.11516988e+00
  1.03020775e+00  1.12835169e+00  1.13157785e+00  9.58389938e-01
  1.19151497e+00  1.06326747e+00  1.08545470e+00  9.98756528e-01
  9.99869525e-01  1.07198083e+00  1.07217932e+00  1.08343327e+00
  1.10742736e+00  1.14850175e+00  1.18223643e+00  1.06657946e+00
  1.07886922e+00  1.11656165e+00  9.26902413e-01  9.87709403e-01
  1.12768877e+00  1.15520406e+00  1.16937065e+00  1.14556468e+00
  1.18197775e+00  1.06450915e+00  1.17955220e+00  1.09781992e+00
  1.24523294e+00  1.22033489e+00  1.25978208e+00  1.36014283e+00
  1.12255979e+00  1.03513455e+00  1.17671084e+00  1.06551993e+00
  9.79771018e-01  1.01457620e+00  9.40110326e-01  1.00903440e+00
  9.75742638e-01  1.06577551e+00  8.29827905e-01  9.30201232e-01
  7.95325935e-01  7.80917764e-01  8.42762947e-01  8.66461158e-01
  9.14083600e-01  1.06082380e+00  9.61871207e-01  9.19510603e-01
  8.56949568e-01  9.62270379e-01  9.54978704e-01  9.06118810e-01
  9.30730879e-01  7.36120522e-01  7.45694399e-01  7.11185277e-01
  6.79599404e-01  7.03074038e-01  8.10852230e-01  7.17729986e-01
  8.41936231e-01  7.85671175e-01  8.35852265e-01  6.92117929e-01
  5.46012640e-01  7.43142664e-01  7.07144678e-01  6.08250797e-01
  8.39071155e-01  6.55604601e-01  8.45611215e-01  8.53375316e-01
  6.88746631e-01  6.82164550e-01  7.72858381e-01  8.57741952e-01
  9.72116590e-01  9.19483364e-01  8.51154387e-01  9.39840019e-01
  8.32832038e-01  8.61881733e-01  9.28756893e-01  9.70918655e-01
  9.04189646e-01  7.25472212e-01  8.45329881e-01  8.64268064e-01
  8.04592371e-01  8.28201175e-01  8.30126762e-01  8.40014696e-01
  8.84846926e-01  8.21507931e-01  6.83836997e-01  7.49926627e-01
  8.14798534e-01  9.01934147e-01  8.68563294e-01  8.41700613e-01
  9.37567651e-01  9.62139845e-01  8.71540904e-01  9.76227343e-01
  1.01701641e+00  7.59476602e-01  7.61695385e-01  6.75389707e-01
  5.34028471e-01  6.90597832e-01  6.88407421e-01  7.44966269e-01
  6.52976513e-01  6.87179744e-01  6.45927489e-01  6.25076056e-01
  5.34922659e-01  4.39242452e-01  5.14026463e-01  5.50769091e-01
  5.62903106e-01  4.65249270e-01  4.49184597e-01  7.18241811e-01
  5.15611291e-01  4.85974014e-01  3.51708233e-01  4.90755439e-01
  5.94591916e-01  6.57880247e-01  6.15406036e-01  5.72570503e-01
  4.57962692e-01  4.93326128e-01  4.53574061e-01  5.88847220e-01
  7.48196661e-01  7.65500426e-01  6.39146805e-01  7.66240597e-01
  6.85896158e-01  7.95564890e-01  6.83684826e-01  5.49862742e-01
  5.90182602e-01  6.58343136e-01  6.07679307e-01  6.35247827e-01
  5.87843180e-01  8.24437857e-01  7.31985927e-01  7.44518340e-01
  7.10570931e-01  6.36630595e-01  6.03346646e-01  6.53807819e-01
  7.42343724e-01  8.09472620e-01  7.60654151e-01  6.74891889e-01
  8.53792489e-01  7.75262296e-01  7.36167848e-01  6.11075521e-01
  7.41044462e-01  8.34266782e-01  5.51750422e-01  6.19881213e-01
  7.52243638e-01  6.65658057e-01  6.71153486e-01  7.33762503e-01
  7.87802756e-01  6.54973984e-01  6.38981223e-01  3.96882206e-01
  2.69769639e-01  4.53827918e-01  5.06208241e-01  4.57309127e-01
  3.83081317e-01  4.20780838e-01  3.68613392e-01  4.61927682e-01
  4.71996784e-01  4.85956013e-01  5.45155466e-01  3.81055862e-01
  3.79712760e-01  3.22584301e-01  3.12483460e-01  2.52433866e-01
  1.03590459e-01 -1.45910010e-02 -1.26897618e-01  1.51821494e-01
  4.29195911e-03 -5.07872440e-02  9.58085340e-03 -3.05193096e-01
 -3.55670005e-01 -3.68304282e-01 -4.14507508e-01 -2.27533877e-01
 -4.73134667e-02 -2.72827774e-01 -2.84189254e-01 -3.90462041e-01
 -3.52123976e-01 -3.10379922e-01 -4.10685986e-01 -3.70499760e-01
 -2.39450753e-01 -3.89797360e-01 -3.89259666e-01 -3.16827089e-01
 -2.29017466e-01 -2.74592698e-01 -3.67919862e-01 -4.88697618e-01
 -1.59303382e-01 -1.57398987e-03 -2.17777267e-01 -1.56078234e-01
 -2.62066483e-01 -2.58412391e-01 -2.82144606e-01 -4.15803522e-01
 -3.41220856e-01 -3.88343215e-01 -2.12920561e-01 -2.82910556e-01
 -2.08123282e-01  6.63327351e-02  7.81485364e-02  1.17591530e-01
 -2.15880126e-02  1.07072309e-01  8.60630721e-02  3.05442572e-01
  1.13511465e-01  2.67933193e-03 -2.04430506e-01 -8.47681612e-02
 -3.26952226e-02 -1.76899806e-01 -1.65818885e-01  4.17675823e-02
  2.88874716e-01  2.51060039e-01  5.68972044e-02 -2.00828835e-02
 -1.88536063e-01 -5.60122877e-02 -7.58629888e-02 -4.41848263e-02
 -5.46436310e-02 -2.61328276e-03  3.43431495e-02  7.79377595e-02
 -6.30629286e-02 -1.45964101e-01  8.65690224e-03  1.93861246e-01
  9.94297042e-02  1.76268935e-01  1.32026911e-01  2.33405739e-01
 -2.39360798e-02  1.92151383e-01  1.62518367e-01  1.25499904e-01
  1.51581138e-01  2.93280780e-02 -1.98084060e-02 -3.69484127e-02
  2.91863866e-02  1.76046770e-02 -6.43719956e-02 -1.28873751e-01
 -2.27067858e-01 -2.46340573e-01 -1.61491841e-01 -1.22937560e-01
 -2.65697390e-01 -3.36445183e-01 -2.85573155e-01 -2.09110230e-01
 -4.24797893e-01 -3.85027438e-01 -3.10582578e-01 -1.87730148e-01
 -1.65025771e-01 -3.12488437e-01 -3.95625651e-01 -3.83412361e-01
 -3.24785709e-01 -2.57468641e-01 -4.73476946e-01 -4.11173999e-01
 -4.85567659e-01 -4.22391593e-01 -5.50996542e-01 -4.97759700e-01
 -5.96475482e-01 -6.47922039e-01 -5.37704229e-01 -6.52014971e-01
 -4.98081446e-01 -6.36781096e-01 -6.68267429e-01 -7.47746527e-01
 -4.56062168e-01 -6.89555466e-01 -6.66456699e-01 -5.07234454e-01
 -6.43791795e-01 -6.00659132e-01 -5.90412796e-01 -6.26070261e-01
 -6.77561402e-01 -6.41673505e-01 -4.96546537e-01 -6.52661502e-01
 -5.82631886e-01 -5.83070695e-01 -5.63888073e-01 -5.36436498e-01
 -4.52523619e-01 -5.03750622e-01 -3.66752893e-01 -5.41261315e-01
 -6.27630234e-01 -6.20499194e-01 -6.67376757e-01 -6.57767057e-01
 -5.92087805e-01 -4.92534697e-01 -3.89535844e-01 -3.27567875e-01
 -2.31633037e-01 -2.14479595e-01 -3.05140674e-01 -4.18485731e-01
 -3.03884178e-01 -3.86191815e-01 -5.56471646e-01 -5.88057101e-01
 -4.23699975e-01 -5.85878551e-01 -3.95022720e-01 -3.11997086e-01
 -4.75332528e-01 -5.43842793e-01 -4.40338999e-01 -5.05554736e-01
 -3.38192582e-01 -2.97878921e-01 -5.53881884e-01 -5.70425510e-01
 -4.16193128e-01 -3.65058661e-01 -2.99677014e-01 -2.99013108e-01
 -4.00108159e-01 -4.52760875e-01 -3.71434420e-01 -3.12613040e-01
 -4.62567866e-01 -6.84174061e-01 -5.54117084e-01 -5.77677250e-01
 -4.69695717e-01 -5.14150739e-01 -6.90256894e-01 -4.20696735e-01
 -4.12949473e-01 -2.40329072e-01 -2.47458771e-01 -2.51618266e-01
 -3.28127891e-01 -3.01072627e-01 -1.95251331e-01 -1.72445968e-01
 -2.89139152e-01 -4.50390875e-01 -4.05527979e-01 -2.20167235e-01
 -2.97896355e-01 -4.02846634e-01 -5.16479075e-01 -5.20804405e-01
 -6.44983292e-01 -5.93259931e-01 -4.88141716e-01 -3.33183378e-01
 -3.53411019e-01 -4.10310835e-01 -4.85716969e-01 -5.79896808e-01
 -3.92330289e-01 -4.49327350e-01 -2.62047350e-01 -2.53980607e-01
 -2.13724926e-01 -1.08085208e-01 -2.69238148e-02 -4.39167842e-02
 -2.07939502e-02 -6.89554811e-02  1.17162511e-01  1.33540124e-01
  1.10168129e-01  5.93093708e-02 -1.34149507e-01 -2.87310891e-02
 -8.89223889e-02  1.42140733e-02  3.96425761e-02 -1.52973145e-01
 -2.27734178e-01 -2.18804851e-01 -1.97349086e-01 -2.79305428e-01
 -1.28225967e-01 -9.83381271e-02 -8.53302032e-02 -8.94617885e-02
  9.30776447e-03 -3.41722108e-02 -1.07578278e-01 -1.25800237e-01
 -5.93225919e-02 -1.41104788e-01 -1.74392566e-01 -1.14602529e-01
 -2.40284666e-01 -1.66085586e-01 -9.79658496e-03  4.50503416e-02
  9.17847678e-02 -4.25604917e-03  2.50995141e-02  1.05769753e-01
  8.67613852e-02  1.15447141e-01  7.64074177e-02  1.05945066e-01
  6.07342422e-02  3.51850986e-01  5.66251613e-02  4.16844040e-02
 -3.26289088e-02 -8.39713067e-02 -4.93494561e-03 -3.18220519e-02
  2.34940760e-02 -2.22815737e-01 -1.92177057e-01 -1.39976919e-01
 -1.36106506e-01 -1.21291801e-01 -2.22472131e-01 -2.46611863e-01
 -2.82233059e-01 -2.21680105e-01 -5.59367687e-02 -8.00385475e-02
 -1.07826129e-01 -7.92850703e-02 -1.30449191e-01 -1.36873737e-01
 -3.27129573e-01 -2.75337458e-01 -1.79987043e-01 -2.39490345e-01
 -2.71386534e-01 -2.37317979e-01 -4.07709330e-01 -3.57630014e-01
 -3.71329427e-01 -6.12216711e-01 -5.26366353e-01 -4.21039581e-01
 -4.03906435e-01 -3.50838035e-01 -3.61775339e-01 -2.96794116e-01
 -1.88467354e-01 -1.25265971e-01 -1.81551188e-01 -1.99002787e-01
 -1.85709685e-01 -1.49259031e-01 -2.98934221e-01 -2.47836575e-01
 -2.72384882e-01 -2.00149626e-01 -2.39018410e-01 -1.37130141e-01
 -1.95242703e-01 -3.24601352e-01 -4.46173221e-01 -2.59170949e-01
 -2.73343563e-01 -2.92495847e-01 -4.65190262e-01 -2.75163502e-01
 -1.80375725e-01 -2.21258208e-01 -1.72364026e-01 -1.75481558e-01
 -2.86151141e-01 -1.53351828e-01 -1.57898709e-01 -1.18515670e-01]
