[-2.7878041  -2.4938986  -2.4311094  -2.7960494  -2.68551    -1.7349075
 -2.0517054  -2.3728857  -2.0401883  -1.8674716  -2.7833908  -2.5252676
 -2.4586673  -2.7689333   3.1407826  -2.5853853  -2.275176   -2.3019948
 -2.2835467  -2.8058753  -2.2327662  -2.0144317  -2.1052654  -2.183309
 -2.2339253  -1.9870435  -2.330744   -1.1863611  -2.0565789  -2.0086336
 -1.5276898  -2.4720888  -1.4688787  -2.1071186  -1.619276   -1.616176
 -1.4328073  -2.029531   -1.4935719  -2.5002267  -2.7196102  -1.9134611
 -1.2026541  -1.5313218  -1.8514582  -1.8998845  -2.4969206  -2.485527
 -1.6277161  -2.505433   -2.1074917  -1.1138712  -1.4137696  -1.6424974
 -2.1797059  -2.2199488  -1.5081376  -2.251984   -2.2804756  -1.2498778
 -1.96353    -2.936224   -1.5034264  -1.7179582  -1.052243   -0.91052806
 -1.5800234  -2.1745708  -0.5710151  -0.8479431  -0.7326055  -0.7305004
 -0.84554034 -0.80102205 -1.0893301  -0.4328234  -0.56508416 -0.9734437
 -0.64567506 -0.99499243 -0.82060754  1.2266973  -1.1291357  -0.7786746
 -0.78777105  1.149085   -2.091175    1.1905733  -1.6799072  -2.5347972
 -2.4105597  -2.5832548  -2.6874502  -2.6503317  -2.9004555  -2.497394
 -2.8408635  -2.5227365  -2.1857219  -2.1787705  -2.6149344  -2.529371
 -2.334075   -2.6569414  -1.2220366  -1.9455532  -2.6784186  -1.7726666
 -1.3369598  -2.0444756  -0.9288322  -1.2495396  -2.2883203  -0.9846924
 -1.0744058  -1.5135283  -0.93362993 -1.199443   -1.0517285  -1.2401171
 -1.1514148  -1.2321944  -1.0694674  -1.2893668  -0.9637615  -1.1981577
 -1.2007124  -1.5393043  -0.9125788  -1.440459   -1.0993415  -0.9963042
 -0.8416408  -0.975737   -1.0884521  -1.4117496  -0.8383335  -1.1544875
 -1.3301743  -1.3721942  -0.86275405 -1.3336525  -1.3895241  -1.2307
 -1.1981691  -1.0146883  -1.0942572  -0.83225757 -1.3290603  -1.312424
 -1.3436582  -1.3360102  -1.3332901  -1.4992124  -1.3047292  -1.1962523
 -1.4154855  -0.98198885 -2.0628228  -0.9582621  -0.8948214  -1.136035
 -1.3211262  -1.2340679  -1.0221802  -1.01835    -1.0460789  -0.94969237
 -1.7086767  -1.4236805  -1.8883379  -2.1511922  -1.3911108  -1.651872
 -1.3848288  -1.6843847  -1.3385624  -0.99196094 -1.8910323  -1.2612191
 -1.8413743  -1.8522067  -1.8532037  -1.5468595  -1.7388874  -1.051295
 -1.2507879  -1.4491884  -1.0946887  -0.9313058  -1.0355047  -0.6817472
 -1.5290577  -0.97151786 -1.532162   -1.2371581  -1.5623442  -1.1790167
 -1.2488068  -1.3841869  -0.9432474  -1.9001443  -0.7823062  -1.6301566
 -1.0847431  -1.2216555  -1.8405977  -1.090154   -1.4841789  -1.9557177
 -2.1237628  -1.4506136  -1.800754   -1.7904307  -1.168921   -1.2627374
 -1.5343294  -1.5351479  -0.7086059  -1.5696838  -0.93112445 -1.3052024
 -2.3485212  -0.82008976 -1.5813628  -1.0212865  -2.0613923  -1.6878763
 -1.3211741  -1.7596831  -1.8609122  -2.3623393  -2.121701   -1.3741245
 -1.8799458  -1.3119571  -1.3398807  -2.3401523  -1.8434991  -2.143094
 -1.9624674  -1.3482465  -1.6344562  -1.4637163  -1.1921395  -1.0473882
 -1.3912311  -1.1851348  -1.3238301  -1.9247158  -2.174161   -1.2575109
 -1.5001577  -1.2312549  -1.3000993  -1.6861852  -1.4954718  -1.3579679
 -0.8845163  -1.0808152  -1.1914415  -1.2283328  -2.1237786  -1.424982
 -1.4221138  -0.8936331  -1.0373338  -1.4173373  -1.1073554  -1.6434827
 -1.1517599  -1.2928847  -1.6337031  -1.6406516  -1.2957089  -1.026175
 -1.1240097  -1.2622826  -1.5707983  -2.4193873  -1.5662662  -2.400825
 -2.706005   -2.2011805  -2.11004    -2.2398255  -1.7512326  -1.8335525
 -1.6276163  -1.5867882  -2.3542805  -1.4828665  -1.6939945  -1.3628397
 -1.2399547  -1.3017147  -1.0934994  -0.6817969  -2.2423086  -2.2239494
 -1.4783876  -1.6255202  -1.2601321  -1.5594393  -1.2706276  -1.3687645
 -1.0233606  -1.9673972  -2.2956676  -1.9702219  -1.4328984  -1.0397909
 -1.0028445  -1.4625337  -1.6069211  -1.8183553  -1.2814453  -1.3772991
 -1.370763   -1.1251594  -1.076286   -1.8427964  -1.8470429  -1.6492405
 -1.5947578  -1.2774096  -1.7439252  -1.6551763  -1.7886616  -1.253675
 -1.303199   -1.7791294  -1.242105   -1.3916603  -1.633414   -1.4242523
 -1.1171792  -2.1092987  -2.029226   -1.6839486  -1.7571548  -1.4420238
 -1.9320006  -1.9269677  -1.7386334  -1.6645834  -2.0862126  -1.3684382
 -1.4451278  -1.2870497  -1.4836802  -1.7112731  -1.4337137  -1.1870291
 -1.4040306  -1.4587326  -1.3871037  -1.2318864  -1.2071865  -1.5876311
 -1.1374748  -1.1932089  -1.5360801  -1.7955183  -2.426126   -1.2759756
 -1.4639952  -1.8095917  -1.3572365  -1.4224477  -1.977205   -1.4974035
 -1.783236   -1.9288518  -1.7337624  -1.5980066  -1.8088459  -1.6104211
 -1.6892902  -1.4458997  -1.666255   -1.6535403  -1.6044903  -1.6805212
 -1.7320572  -2.0771344  -1.3291615  -1.5918181  -2.4323087  -1.7610856
 -1.6747268  -2.1038628  -2.4842043  -1.4588495  -1.3822818  -1.4138228
 -1.6510189  -1.7182378  -1.7021071  -1.2778454  -0.9971876  -1.5904815
 -2.467033   -1.590662   -2.2233722  -1.6663541  -2.4048522  -2.0270472
 -1.6504828  -1.774062   -2.0217018  -1.2936778  -1.2700691  -1.5654033
 -2.25368    -2.3802369  -1.3522569  -1.894082   -1.1707909  -1.485166
 -1.1853311  -1.2022084  -2.4649863  -1.6424311  -2.61039    -2.1491122
 -1.6282375  -2.4109504  -1.8430449  -1.4079099  -1.755123   -1.5900481
 -1.5951614  -2.587754   -2.348573   -2.2762487  -2.630701   -2.0633383
 -2.5279636  -2.2846663  -2.5453038  -2.6105728  -1.5721587  -2.186193
 -1.5450475  -1.4472136  -1.2571876  -2.2354653  -1.9625874  -2.3245137
 -1.7740322  -1.4897517  -1.2946278  -1.7801558  -1.3723055  -1.3951528
 -1.5088962  -1.6731973  -1.8246549  -2.1007366  -2.0348797  -1.9339539
 -2.2919083  -1.741533   -1.5600703  -1.5799857  -1.9063028  -1.3796405
 -1.6084187  -1.9008744  -2.0492296  -2.3456292  -2.1741495  -2.4802477
 -2.1020088  -1.4853039  -2.6833735  -2.1684813  -2.166414   -2.0966053
 -2.081277   -1.965283   -1.6100245  -2.1480427  -2.0196867  -1.952089
 -1.8855335  -1.9642396  -2.345275   -2.2553453  -1.8895485  -1.9044846
 -2.3741403  -2.3762574  -2.422681   -1.6580604  -1.1896336  -0.7991278
 -2.193028   -1.5601677  -1.938929   -2.1353326  -2.1534564  -1.6045146
 -2.3617234  -2.0819736  -0.9211592  -2.4593382  -2.4065838  -1.9281803
 -2.3556983  -2.0861127  -2.176505   -2.3928852  -2.0449715  -1.5368481
 -1.9652287  -2.4175649  -2.045989   -2.2875836  -2.4735045  -1.5277293
 -1.9268717  -1.4352381  -1.6342486  -1.0781045  -1.9082475  -1.3136028
 -1.6518868  -1.3837068  -1.8689871  -2.1277628  -1.9442124  -1.881001
 -2.480601   -2.6214814  -1.6593678  -1.6339751  -2.585471   -2.4775836
 -2.2012937  -2.6327472  -2.4285803  -1.7440257  -1.6785702  -1.6022716
 -2.001041   -1.7119826  -2.35779    -2.3818395  -2.2051404  -1.4284803
 -2.6561694  -1.9102355  -2.3142767  -2.387762   -2.607208   -2.6868005
 -1.9235071  -1.5326416  -1.6991713  -1.9778144  -2.5894172  -2.6260452
 -1.8738893  -2.436285   -1.9669089  -0.9664839  -1.492266   -1.439118
 -1.3537323  -1.8426473  -1.5327132  -1.5081844  -2.3484993  -1.2556629
 -2.6020067  -2.6673954  -2.4302936  -2.8066604  -1.6021698  -2.2315013
 -2.3077123  -2.9014723  -1.8871969  -2.1937966  -2.6625884  -2.1973896
 -2.4178202  -1.5838174  -2.5020928  -2.7432551  -1.9966844  -2.7504373
 -2.4349864  -2.0055754  -1.9313818  -1.8658327  -2.3731992  -2.381843
 -2.0417285  -2.5139334  -2.4265695  -2.2963722  -2.5130062  -2.1106367
 -2.6773527  -1.50706    -1.7748414  -2.510739   -1.6167885  -2.2871003
 -1.4541515  -1.9232727  -1.4767991  -1.5176035  -1.4768454  -1.813723
 -1.6468863  -2.1378522  -1.532004   -2.24495    -2.340891   -2.6654136
 -2.2904153  -1.3887403  -2.2923534  -2.3158183  -1.7548647  -2.6211305
 -1.8378483  -2.5012217  -2.535121   -2.2911186  -2.5718517  -2.507717
 -2.553607   -2.5792768  -2.147008   -2.6109376  -2.2249312  -2.6367548
 -2.6147902  -2.4992905  -2.0284448  -2.2450893  -2.589323   -2.2854235
 -2.674369   -2.5282066  -2.6234856  -2.4187922  -2.7663317  -1.9085722
 -2.7832413  -2.3691404  -2.6342933  -2.143265   -2.4228485  -2.6045647
 -2.6049914  -2.276769   -2.4496775  -2.7907557  -2.561086   -2.247364
 -2.696776   -2.3004832  -2.7897806  -2.669919   -2.7338543  -2.589807
 -2.3092787  -2.3416276  -2.4958918  -2.4570844  -1.1192406  -2.0021558
 -2.1060526  -2.1435049  -1.8267998  -1.5319335  -1.8111758  -1.7602406
 -2.0749664  -1.5083679  -1.9145517  -1.850185   -2.076963   -2.0288749
 -2.275283   -2.0392346  -2.249573   -2.672615   -2.3532667  -2.3281908
 -2.371117   -2.2426784  -2.6664453  -2.3200946  -1.8810499  -2.1332078
 -2.0007873  -2.1804118  -2.9245791   3.0886705  -2.122823   -2.3812857
 -2.4889376  -1.781144   -2.246294   -2.2524395  -2.3024547  -2.5615504
 -2.5137348  -2.789274   -2.119522   -2.3318777  -2.0071049  -2.1115088
 -1.9104279  -2.5614903  -1.7941741  -2.7171316  -1.907647   -2.4602828
 -2.6509156  -2.802576   -2.2054524  -2.741898   -1.7878499  -2.5670407
 -1.4679582  -1.6859846  -1.8440437  -1.7943157  -1.6215147  -1.3486476
 -1.4628463  -1.6683209  -2.5380812  -2.563914   -2.4188457  -1.7351125
 -2.237016   -2.343364   -1.8453442  -2.4278007  -2.1156697  -1.3124294
 -2.4020133  -2.1055748  -2.5778065  -2.8280613  -2.5815985  -2.4248796
 -2.5478292  -2.5365837  -2.1745594  -1.828335   -1.6155598  -2.2499714
 -1.8076319  -1.7195414  -1.3792135  -1.6145434  -2.247059   -2.4786456
 -1.0658176  -1.7855353  -1.7567512  -2.2269793  -2.252358   -2.2028992
 -1.5428672  -1.3405687  -1.6759057  -1.7931038  -2.2382164  -2.5716317
 -2.9435463  -2.1916058  -2.8120048  -2.53333    -2.18197    -2.930394
 -1.3783418  -1.8067056  -1.9585168  -2.6856163  -2.7401302  -2.4963982
 -2.1855507  -1.9927295  -2.0798564  -2.6120176  -2.396492   -2.2472882
 -2.4790158  -2.6209483  -1.745131   -2.315994   -2.253759   -1.7498571
 -2.605337   -2.2540643  -2.5453918  -2.856564   -2.6260476  -2.383675
 -2.8653018  -2.800028   -1.9304506  -2.4764605  -2.3788779  -2.948546
 -1.9270117  -2.9785645  -2.5922666  -2.2988749  -1.2954813  -2.9452531
 -2.4558997  -2.8743007  -2.8305233  -2.5836046  -3.0128887  -2.731543
 -2.2901738  -2.3310714  -2.5747662  -2.4064772  -1.8250359  -2.4212003
 -2.2350006  -2.2533393  -2.0819016  -2.0122921  -1.9361929  -1.6197842
 -1.559863   -1.7538694  -1.9174473  -2.1015604  -2.225561   -1.9674796
 -1.8975734  -1.630818   -2.4108114  -2.0788407  -2.2732372  -2.6221128
 -1.8212858  -1.7716489  -1.6818537  -1.4908568  -1.2175366  -1.123343
 -1.9067948  -1.385178   -1.4159174  -1.4115827  -1.4217947  -1.3374687
 -1.0386949  -1.3468114  -1.0428265  -1.3664752  -1.6016548  -1.9906359
 -1.545052   -0.5310108  -1.3009787  -1.7022173  -1.4920129  -2.4704068
 -2.3254528  -1.6207793  -1.3983291  -1.448737   -1.1243107  -1.8435808
 -1.7282535  -0.99404305 -1.2681084  -1.2886951  -0.9914966  -1.3885511
 -1.3440381  -1.2041621  -1.3693279  -1.3477143  -1.4810205  -1.5142646
 -1.1056447  -1.3141894  -1.0323497  -0.91898495 -0.84289414 -0.8262461
  0.5004008  -1.1378977  -0.9471262  -0.86025107 -0.874151   -1.0425842
 -0.91964877 -0.84823173 -1.1199841  -0.86209077 -1.3902878  -1.2122705
 -1.234745   -1.2248952  -1.1978128  -0.95906574 -0.529728   -1.3884892
 -1.3256707  -1.2528294  -1.3238465  -1.1555011  -1.2003562  -1.6573701
  1.4148762  -1.3207766  -1.1764956  -0.9637724  -1.0503212  -0.9778254
 -0.8735201  -1.4376929  -1.2402457  -1.4081852  -1.2767882  -1.0264813
 -1.499293   -0.78966737  0.7964803   1.4649045  -1.0522159  -1.1210536
 -0.93974423 -1.2241824  -0.9740657  -1.0002182  -1.0489136  -1.0607698
 -0.42315155 -0.7972234  -1.5014354  -0.8828231  -0.83604676 -1.0399812
 -1.1271249  -1.311636   -1.211848   -1.3254691  -1.7211056  -1.3252385
 -1.5533025  -1.202783   -1.5484892  -1.862925   -1.5696934  -1.5346646
 -1.6163299  -1.5899608  -1.9263562  -1.6562225  -1.9260584  -1.8384705
 -1.5832156  -1.7086548  -1.4318627  -1.5838505  -1.7792896  -1.2825925
 -1.3604443  -0.988021   -1.3164265  -1.3917918  -1.6736069  -1.7126746
 -1.6436849  -1.3681142  -1.6963603  -1.3974521  -1.2223887  -1.0355934
 -1.567662   -1.0029992  -1.3579398  -1.6337631  -1.3894411  -1.9059353
 -1.454414   -1.1721114  -1.439886   -1.161857   -1.6750914  -1.6527296
 -1.7162893  -1.2113438  -1.3091415  -1.0818845  -1.4135983  -1.1517544
 -1.4918293  -1.3045642  -1.1811159  -1.2156394  -1.3170524  -1.6112566
 -2.4767487  -1.7573854  -1.10452    -1.772193   -1.9603168  -1.3885529
 -1.1335729  -2.0725656  -1.8071713  -1.6155559  -1.4635581  -2.3771238
 -1.7668248  -2.2998462  -1.6831505  -2.1116529  -1.5566696  -1.4488591
 -1.6211344  -1.8288563  -1.7428919  -2.0851524  -1.6450627  -1.5772716
 -1.2195599  -1.370612   -1.2994951  -1.9131521  -1.6921964  -1.7290484
 -1.4666682  -1.8551487  -2.1837854  -2.310092   -2.4686494  -1.846915
 -1.686103   -1.9334174  -1.5626469  -1.7284056  -1.7639266  -1.730554
 -1.7865863  -1.7201233  -2.1892037  -1.753964   -2.0496957  -1.608735
 -1.9109179  -2.1878963  -2.016241   -2.1972919  -1.8158735  -2.1189108
 -2.0732584  -1.5305299  -1.8649677  -2.469014   -2.105567   -1.9730773
 -1.873332   -2.011173   -2.062398   -2.2785215  -2.623765   -2.1914537
 -2.3739913  -2.5027046  -2.0358849  -1.8703299  -1.9812976  -2.5441976
 -2.164522   -1.9027389  -2.3634498  -2.6443923  -2.506116   -2.3638027
 -2.3065147  -2.1049633  -2.17986    -2.3969321  -2.2120252  -2.4383273
 -2.5793943  -2.4209137  -2.634964   -2.3057723  -2.656833   -2.5719504
 -2.7244754  -2.3534842  -2.3590436  -2.1665707  -2.6739857  -2.4827633
 -2.489603   -2.433095   -2.591413   -2.6888032  -2.6483166  -2.7046053
 -2.8612695  -2.6787052  -2.79746    -2.7153432  -2.5372763  -2.7906754
 -2.7801094  -2.8414412  -2.767146   -2.695151   -2.665392   -2.5514848
 -2.666704   -2.5785403  -2.5723095  -2.4241984  -2.795221   -2.6639812
 -2.761613   -2.6550999  -2.8963504  -2.6861796  -2.6365914  -2.854401
 -2.732013   -2.6765583  -2.807984   -2.634877   -2.4262938  -2.6013217
 -2.4751868  -2.5935094  -2.7012687  -2.8720973  -2.1456752  -2.0199075
 -2.5798168  -2.4700832  -2.2325017  -2.4094648  -2.6409366  -2.2277472
 -2.6995864  -2.3042083  -2.0263562  -2.2167718  -2.536409   -2.7363038
 -1.823999   -2.2050188  -2.5338464  -2.483729   -2.6529813  -2.5327022
 -2.8272004  -2.8007624  -2.3026342  -2.43676    -2.082261   -2.8562987
 -2.768127   -2.8755577  -2.4133976  -2.2711027  -2.37682    -2.3516765
 -2.4519598  -2.4388337  -2.477973   -2.594088   -2.2631965  -2.4143393
 -2.586097   -2.592845   -2.2793431  -1.6146598  -2.0196881  -2.514644
 -2.1958063  -2.5561042  -2.6810036  -2.4773636  -2.3829484  -1.3873252
 -2.0708036  -2.5859246  -2.5477045  -2.3198948  -2.4133406  -2.1510882
 -1.4816982  -1.9449929  -1.6748445  -1.2340758  -1.3920732  -1.6754696
 -1.9079207  -1.1363063  -1.5592377  -0.91609985 -1.5130681  -2.007525
 -1.9881386  -1.0009953  -1.7906352  -1.7351623  -1.4278167  -1.7973508
 -1.4477751  -1.0850595  -1.2526909  -0.95898765 -1.922024   -1.7153164
 -2.694444   -1.6243669  -1.4370215  -2.1123128  -1.2878835  -1.6133904
 -1.2617881  -1.2974836  -1.8110756  -1.7774224  -1.3576905  -1.3860564
 -1.577087   -2.1345863  -1.7383218  -1.4255018  -1.692702   -1.401752
 -2.5359254  -1.9298109  -1.7267445  -2.2039742  -2.3069525  -1.6959292
 -1.277783   -2.0578537  -2.4086945  -2.6283972  -2.3869298  -2.311633
 -2.3819308  -1.7217855  -1.9003537  -2.8010197  -1.6983888  -2.807938
 -2.1773722  -2.2563934  -2.3060784  -1.6720011  -2.678765   -2.5126565
 -2.5978813  -2.5620463  -2.6887662  -2.4647574  -2.6463363  -2.7250953
 -2.762221   -2.8635902  -2.9186246  -2.3197203  -2.7509494  -2.8339455
 -2.717245   -2.7652     -2.566912   -2.6832812  -2.662863   -2.677058
 -2.7536483  -2.7771144  -2.939148   -2.6935637  -2.5508814  -2.547493
 -2.636437   -2.7969959  -2.201046   -2.4430969  -2.515814   -2.7827134
 -2.8985975  -2.419208   -2.7205143  -2.7790375  -2.42135    -2.7813327
 -2.4007614  -2.173996   -2.5897756  -2.7084546  -2.7820368  -2.790648
 -2.548242   -2.6288853  -2.643956   -2.3193398  -2.5581596  -2.547471
 -2.4575963  -2.7452812  -2.492395   -2.2561462  -2.7907178  -2.3846388
 -2.7402573  -2.1591692  -2.1618588  -2.5236075  -2.1430836  -2.5569696
 -2.2722936  -2.2349558  -2.4958167  -2.6224756  -2.5162036  -2.4043577
 -2.4415417  -2.3031564  -2.8850977  -2.598969   -2.2938142  -2.3636687
 -2.3895764  -2.832626   -2.5697312  -2.7461991  -2.6294227  -2.6289365
 -2.9232035  -2.842695   -2.7136786  -2.3620377  -2.527896   -2.5083296
 -2.9170077  -2.7684536  -2.3642235  -2.636857   -2.467648   -2.7632792
 -2.751348   -2.315606   -2.5720425  -2.7870045  -2.4255695  -2.3319736
 -2.2648172  -2.5737762  -2.8108335  -2.996029   -2.6285477  -2.3408425
 -2.5886643  -2.7349865  -2.7244356  -2.6580505  -2.5400434  -2.7702131
 -2.6543992  -2.8574061   3.125005   -2.83446    -2.792729   -2.7733483
 -2.8840783  -2.9065683  -2.602642   -2.5350208  -2.4687114  -2.6809273
 -2.3923287  -2.047262   -1.8568989  -2.0408387  -1.9249902  -1.9943036
 -2.4471688  -2.4637706  -2.4118505  -2.3517575  -2.3317943  -2.488468
 -2.133234   -2.1627522  -2.6866925  -2.2680247  -2.2451825  -1.9233191
 -1.8630408  -2.0326867  -2.3208842  -2.2044837  -2.0914989  -1.6222602
 -2.2010012  -2.0274     -2.0969126  -2.3567908  -2.0718882  -2.3054187
 -2.2459526  -2.0438828  -2.1113873  -2.06964    -2.2820854  -1.5697643
 -1.5942012  -1.7849585  -1.7145965  -2.1597505  -1.7819837  -2.6382918
 -1.4015375  -2.0571036  -1.6262728  -1.6965292  -1.8336043  -2.0054193
 -1.284029   -2.0734282  -1.8479248  -1.7223439  -1.938733   -2.1692107
 -2.0371547  -1.9030392  -1.9862448  -1.7749249  -1.9266995  -2.087757
 -1.6346024  -2.0907378  -1.9492846  -1.443248   -1.738169   -1.7358906
 -2.4552078  -1.8957275  -1.5444423  -1.606039   -1.1723062  -1.1086307
 -1.0061251  -1.3735055  -1.4553196  -1.376936   -1.7552714  -1.4402165
 -1.5198905  -1.4919769  -1.6201762  -1.4715695  -1.7730144  -1.0360852
 -1.8843949  -1.8693693  -1.9818137  -1.7035131  -1.6925946  -1.6305264
 -1.5718346  -1.3521726  -1.8589143  -1.473635   -1.2415783  -1.4100562
 -1.5545996  -1.4726636  -1.3632927  -1.4525697  -1.5342782  -1.4853328
 -2.1692939  -1.7135482  -1.591416   -1.8618559  -1.6247433  -1.7460282
 -1.687996   -1.456605   -1.417065   -1.2755568  -1.6494813  -1.5551703
 -1.5532649  -1.1576953  -1.5144511  -1.6963136  -1.8133197  -1.2913207
 -2.0352669  -2.123355   -1.7672681  -1.560028   -1.6928091  -1.5695281
 -2.1865816  -1.6913259  -1.533905   -1.468165   -1.6798573  -1.0721478
 -1.5608706  -1.4831487  -1.4578645  -1.4342839  -2.0255978  -1.09799
 -1.4238532  -1.4999961  -1.4634973  -1.5904168  -1.732976   -1.8418252
 -1.5720206  -1.7534275  -1.7024841  -1.8884662  -2.1703806  -2.0736885
 -2.3894303  -2.1004515  -1.227      -1.540333   -1.6628013  -1.8316917
 -1.9812608  -2.1796455  -2.1036494  -1.8870887  -2.125957   -2.0811996
 -1.6771811  -1.5011303  -1.995192   -1.6652969  -1.6102026  -1.7984735
 -1.5636309  -1.8635935  -1.4340136  -1.5205989  -1.6112461  -2.15569
 -1.611785   -1.6662848  -2.2181873  -1.7473253  -2.3515205  -1.9492633
 -1.5483507  -2.1124396  -2.0074625  -2.300477   -2.7703314  -2.2013762
 -1.7907597  -1.8827766  -2.4273064  -2.3501458  -1.726688   -1.9802941
 -2.6029603  -2.7592769  -2.376133   -2.037126   -2.3124738  -2.3904207
 -2.0179296  -2.410747   -1.6666374  -2.2604232  -1.5370265  -1.7209964
 -2.2765236  -2.4397674  -1.8859845  -2.4177444  -2.287445   -2.3145063
 -1.9847544  -1.4736181  -2.3491356  -1.8373232  -1.7220576  -1.6832976
 -1.5736622  -1.2711651  -1.2677866  -1.6905072  -1.7598995  -1.8138795
 -1.5968622  -1.5203611  -2.1850302  -1.7627915  -2.1517406  -1.3532972
 -1.4011593  -1.6482085  -1.3219543  -1.6715081  -1.7839254  -1.7195865
 -1.6890249  -1.8523797  -1.4848018  -1.6730055  -2.2547214  -1.5315185
 -1.6693802  -1.6730565  -2.5524185  -2.4303079  -1.7592921  -1.6795603
 -1.7036008  -1.5532317  -1.9352208  -1.69366    -2.0747795  -1.9058307
 -2.1204667  -2.1453426  -1.7720258  -1.9895985  -1.5915642  -2.1561282
 -2.5048113  -2.5696313  -1.6987984  -2.0536127  -1.6007283  -1.7573546
 -1.974366   -2.2523334  -2.0079546  -2.1411626  -2.1888018  -2.1080709
 -1.841812   -1.7285044  -1.4787236  -2.3244517  -2.4595377  -2.5184336
 -2.049125   -2.2140536  -1.6761103  -1.9956158  -2.3263311  -1.5606654
 -1.8624572  -1.5636026  -2.105278   -2.3231244  -2.0644789  -2.1823804
 -2.336007   -1.8481117  -2.1107326  -1.6354257  -1.8306227  -2.0020976
 -1.5632316  -1.7737138  -2.057646   -1.8231988  -1.8801943  -2.05362
 -1.9909446  -2.1245635  -1.7534473  -2.0125737  -2.0517378  -1.985093
 -1.5357928  -1.5282984  -1.469927   -1.3568108  -1.7757503  -1.7929627
 -1.8710238  -1.6105769  -1.54877    -1.7816843  -1.5818301  -2.1115177
 -1.7223248  -1.9342012  -1.732753   -1.6226553  -1.670473   -1.7397267
 -1.9320744  -1.6961004  -1.6469561  -1.4580284  -2.1779652  -1.8627099
 -2.1989496  -2.496192   -1.930399   -1.9709651  -1.3310498  -1.5713191
 -1.9506061  -1.7974669  -2.4051747  -1.6223243  -1.9066825  -1.4770144
 -1.6678047  -1.6747758  -1.6245141  -1.8635858  -2.2335098  -2.2865071
 -1.8408494  -2.1180363  -2.6073925  -2.4266257  -2.2759778  -2.167687
 -2.3502848  -2.2464645  -2.3205192  -2.5849977  -2.3849502  -2.3400803
 -2.4145539  -2.241454   -2.1850543  -2.4866729  -2.7940397  -2.8561027
 -2.6310167  -2.6106017  -2.5609381  -2.8284566  -2.5406334  -2.0179167
 -2.6245859  -2.104337   -2.6843715  -2.290751   -2.4419405  -2.3427806
 -2.3933978  -2.7276294  -2.4098375  -2.6245737  -2.6415968  -1.8989354
 -2.5193877  -2.433595   -2.4529297  -2.363903   -1.74966    -3.002623
 -2.284846   -2.7035625  -2.723563   -2.6971602  -2.5307903  -2.3736808
 -2.3761659  -2.5902603  -2.1207     -2.3768232  -2.1793697  -2.2400544
 -2.4983068  -2.6723235  -1.7235681  -2.5577488  -2.470254   -2.3589382
 -2.3170402  -2.3728662  -2.3442595  -2.4629717  -2.260874   -2.5234027
 -2.4395044  -2.60032    -2.256779   -2.3025243  -2.9754593  -2.3664427
 -2.7012384  -2.5066433  -2.4438233  -2.6384246  -2.408761   -2.7198641
 -2.3268824  -2.4862964  -2.1570964  -1.88799    -1.6915008  -2.0505075
 -2.2214522  -2.1565795  -2.1470003  -2.594676   -2.1122918  -1.9532187
 -2.524818   -1.880205   -2.114615   -2.0935078  -2.031173   -2.1389346
 -2.415843   -2.3473349  -2.3249748  -2.2899225  -2.4856784  -2.2293353
 -2.3902164  -1.8624707  -2.0609832  -2.3290691  -2.2450666  -2.5005379
 -2.320325   -2.3903     -2.056757   -2.2502007  -2.4509292  -2.4477181
 -2.273935   -2.1207638  -1.8107449  -1.9609047  -2.2508128  -2.537635
 -2.5962029  -2.2933242  -2.3676114  -2.2651072  -2.3259008  -2.5655286
 -2.4641588  -2.2421997  -2.392746   -2.5500307  -2.466527   -2.4335182
 -2.0708416  -2.0442061  -2.2923214  -2.3861952  -2.2977362  -2.1886945
 -2.3495867  -2.4871473  -2.5696483  -2.4424222  -2.3113506  -2.6029696
 -1.9855773  -1.9448025  -1.7449124  -1.9228051  -2.1240253  -2.3921986
 -2.0479088  -2.0648875  -2.2729638  -2.3351922  -2.2882133  -1.679767
 -2.032672   -1.9158562  -1.8235141  -2.1805997  -2.1080856  -2.582446
 -2.4414384  -2.593709   -2.503984   -2.3798003  -2.7063427  -2.3084738
 -1.9319738  -2.6116035  -2.5129654  -2.485211   -2.489935   -2.7758934
 -2.4646423  -2.521539   -2.7658057  -2.6114879  -2.5165787  -2.4333973
 -2.295004   -2.5869565  -2.778712   -2.661087   -2.323637   -2.62672
 -2.7649846  -2.6110377  -2.4222388  -2.425302   -2.020813   -1.5836977
 -2.0919638  -2.0484114  -2.2712424  -2.407835   -2.8560457  -2.561136
 -2.0483334  -1.6122608  -1.6895375  -2.202048   -2.6119123  -2.6257849
 -2.416822   -2.5017636  -2.6413736  -2.5294447  -2.5790918  -2.6354158
 -2.1778843  -2.831935   -2.4391277  -2.312733   -2.5671625  -2.831398
 -2.6365974  -2.910334   -2.6822066  -2.6665647  -2.654312   -2.72369
 -2.8742735  -2.9449635  -2.5439634  -2.5216181  -2.9095304  -2.870391
 -2.5660665  -2.5706823  -2.9063745  -3.1106055  -3.0085459  -2.8316512
 -2.8035092  -2.7455935  -2.7519572  -2.891653   -2.980291   -2.4662933
 -2.6535013  -2.7264535  -2.8550081  -2.783061   -2.841446   -2.9972367
 -3.0157554  -2.6850946  -2.7826931  -2.775332   -3.014303   -2.8028085
 -2.4877245  -2.7813113  -2.0728798  -2.439764   -1.8021063  -2.0362651
 -2.0903683  -2.109023  ]
