[ 2.3997998  2.4622183  2.767369   2.3709242  2.5354986  2.5710418
  2.6710534  2.5071938  2.896352   3.0737257  2.8421826  2.4004958
  2.3383567  1.8836457  2.1199627  2.0625036  2.5070453  2.4234607
  2.5612373  2.431404   2.4111817  2.2110326  2.5509357  2.454947
  2.0398731  2.2020354  2.2509613  2.3205874  2.2469373  2.2503247
  2.205611   2.141553   2.3391254  2.4849844  1.8225126  1.9182678
  2.3983693  1.8316625  2.3516529  2.0986588  1.6156402  2.3523927
  2.5944624  2.453187   2.4497244  2.3418393  2.2058     2.1905043
  2.3812077  2.2756715  1.8145249  2.539685   2.6634479  2.5211792
  2.5726068  2.5439105  2.9434867  2.3985708  2.8169756  2.6410596
  2.7675529  3.0989413  2.6771688 -3.1140337  2.8045976  2.8367298
  2.733173  -3.1152565  2.6023495  2.7184718  2.4855165  3.05891
  2.6464329  2.557001   2.6669998  2.454994   2.5760798  2.8594627
  2.602004   2.4545944  2.704     -2.8600507  2.633975   2.5098472
  2.3402708 -2.8511226  2.9710288  2.9292     2.483285   2.4070382
  2.8146806  2.6297765  2.6011958  2.5006373  2.8603897  2.4418328
  2.6430328  2.6165144  2.6337163  2.512507  -3.1411054  2.5620472
  3.0563967  2.6332412  2.748805   2.7950397  3.0372014  2.6856344
  3.0329545  2.874457   2.7184834  2.733708   2.7357998  2.371526
  2.5839024  2.5665245  2.2431347  2.648987   2.290609   2.6973746
  2.539909   2.700343   3.0465956  2.6393173  2.5580397  2.7869282
  2.7771823  2.624599   2.8148432  2.8184793  2.6632695  2.6263936
  2.4536443  2.4807801  2.3948832  2.6103427  2.4295309  2.6226144
  2.5247557  2.474351   2.330823   2.3721108  2.5625849  2.497813
  2.792672   2.543659   2.554556   2.5178146  2.926105   2.8642583
  2.4682565  2.4740894  2.8535035  2.4109921  2.905389   2.5381155
  2.7679722  2.5532682  2.6787763  2.5653565  2.6273556  2.5508928
  2.5222611  2.7898092  2.7776737  2.8353043  2.6653614  2.6104734
  2.6981924  2.495814   2.3831112  3.083028   2.9833732  2.5989594
  2.3054159  2.3556352  2.636928   2.5768304  2.8311033  2.359391
  2.5233798  2.3517435  2.6862442  2.6456068  3.0441635  2.7098234
  2.82215    2.5431764  2.3602345  2.6005108  2.7504659  2.765724
  2.3611848  2.4073925  2.6951575 -3.0651166  2.916999   2.7309966
  2.8130686  2.6016827  2.7073474  2.2787547  2.5010774  2.7824354
  2.787549   2.5483756  2.3924918  2.5574036  2.7606826  2.5700119
  2.3487058  2.4081588  2.578744   2.4776068  2.123989   2.5902157
  2.556713   2.8013906  2.3839037  2.8217664  2.5658083  2.5398774
  2.5438473  2.7329426  2.5345685  2.535587   2.4350479  2.7334902
  2.5842543  2.4148157  2.3987312  2.6312914  2.5728204  2.6513197
  2.5030513  2.7726119  2.9379323  2.6530833  2.3079429  2.4819057
  2.6962714  2.8254452  2.786887   2.495547   2.7711427  2.4987688
  2.7295184  2.361717   2.6899803  2.6441808  2.3007848  2.4166596
  2.5087805  2.5728045  2.47033    2.4516358  2.6911936  2.5841055
  2.5307748  2.5208316  2.5339363  2.74714    2.9301941  2.8089175
  2.764314   2.8364344  2.8981454  2.5735297  2.5209048  2.7641335
  2.6432207  2.62786    2.7019677  2.6388307  2.548701   2.6867397
  2.4882424  2.8302877  2.4625576  2.3157294  2.7300506  3.0255547
  2.9395103  2.55       2.7019982  3.1078773  2.9097936  2.6678767
  2.356907   2.8399925  2.6149151  2.937183   2.9847994  2.6450949
  2.8594713  2.2965093  2.460818   2.7415419  2.6023784  2.4503603
  2.5603995  2.5626361  2.3735611  2.3689227  2.3678472  2.8146136
  2.7289777  2.233976   2.624764   2.5084972  2.5795405  2.2982364
  2.5676386  2.7753196  2.5262353  2.9848993  2.7228134  2.3376591
  2.611772   2.4137816  2.609627   2.6180995  2.9322946  3.0313752
  2.2567344  2.5450501  2.440196   2.8448148  2.4719763  2.65541
  2.671795   2.7842264  2.5920854  2.5223036  2.399781   2.3891754
  2.6926763  2.6476734  2.462221   2.3593376  2.5086935  2.525683
  2.3925643  2.3509562  2.2602222  2.4149232 -2.917015   2.3300881
  2.8324091  3.0045435  2.593374   2.6676135  2.69856    2.946927
  2.4589636  2.7420735  2.915704   3.0607061  2.859245   2.684753
  2.418476   2.451059   2.5371275  2.3847394  2.405328   2.7164257
  2.9512782  2.2760634  2.271202   2.3502364  2.338487   2.4878235
  2.1188774  2.523899   2.413286   2.3026066  2.4253893  2.3097653
  2.27086    2.398069   2.2310271  2.4174836  2.7774153  2.433101
  2.3270173  2.8072689  2.7601373  2.4548988  2.4948652  2.5442042
  2.4259315  2.7663522  2.7622318  2.8066216  2.7678356  2.6543195
  2.5187993  2.473985   2.7269096  2.5659995  2.6245766  2.374129
  2.632133   2.3784852  2.4667654  2.3881643  2.5953345  2.7228212
  2.7395072  2.4255407  2.846063   2.3366797  2.7411788  2.5784328
  2.416533   2.610621   2.7398105  2.7909691  2.3547673  2.6053207
  2.5557222  2.6426487  2.9493604  2.7033372  2.5282688  2.2578638
  2.4358397  2.5335631  2.5630774  2.2016184  2.4185295  2.6320374
  2.3630183  2.3700113  2.533307   2.5957618  2.3716078  2.0904362
  2.363654   2.1483476  2.4822588  2.5616577  2.748495   2.7003233
  2.4378986  2.5489426  2.464334   2.6800938  2.6615458  2.6382852
  2.7113745  2.566291   2.3185751  2.450316   2.2408967  2.4105084
  2.4675999  2.503264   2.2686558  2.5715508  2.348986   2.535934
  2.5578995  2.5852609  2.6495342  2.6160474  2.7774937  2.7286034
  2.562121   2.4132905  2.7162051  2.6420636  2.5597477  2.5600557
  2.8375087  2.5795236  2.913047   2.8960936  2.493712   2.680934
  2.4601948  2.6728568  2.54982    2.5770333  2.7487419  2.910085
  2.6051292  2.8155496  2.5870714  2.7373     2.6401448  2.7408483
  2.9353614  2.5999951  2.999197   2.6160436  2.4434166  2.7787855
  2.7187371  2.566256   2.701357   2.7701128  2.475966   2.5052705
  2.532711   2.639329   2.6600957  2.892514   2.8739522  2.9155936
  2.781433   2.5531824  2.7274916  2.5053954  2.8247     2.8758569
  2.8888364  2.6562068  3.053195   2.6573362  2.7371309  2.4829717
  2.7030447  2.6349466  2.5134752  2.7358031  2.5524173  2.678595
  2.4324803  2.961347   2.7880812  2.871117   2.7187688  3.1060221
  2.8758638  2.570869   2.7832155  2.7613368  2.2393076  2.838733
  2.8692505  2.4956405  2.7525458  2.800485   3.0566046  2.7816396
  2.5473197  2.852168   2.937337   2.9022422  2.7423894  2.5748072
  2.5475862  2.582992   2.6619918  2.1997747  2.823338   2.6082044
  2.5752425  2.6424782  2.2874784  2.5896676  2.3622406  2.602238
  2.6088517  2.4803493  2.8898697  2.531043   2.4550183  2.5130951
  2.5560977  2.8070374  2.8986576  2.5970516  2.50679    2.7162719
  2.7011213  2.713741   2.2678084  2.4588435  2.6984549  2.7348092
  2.7178218  2.010353   2.6644073  2.3593364  2.0210862  2.5406873
  2.1295378  2.221293   2.4680667  2.5744133  2.8150017  2.6111805
  2.5712738  2.3595808  2.421826   2.5919611  2.3990076  2.5232894
  2.210708   2.6857784  2.5402532  2.6992033  2.4912012  2.8687124
  2.745857   2.4999983  2.542667   2.3833091  2.4250007  2.4490654
  2.4310303  2.5121167  2.7332234  2.6840456  2.8050895  2.6846528
  2.4756842  2.4731596  2.4707837  2.6539085  2.3852649  2.6659558
  2.2952485  2.7019155  2.644762   2.4271069  2.6949399  2.7511349
  3.0847182  2.704053   2.6726515  2.7022786  2.785494   2.9627662
  2.6139233  2.7696433  2.5267477  2.5762734  2.788016   2.5276294
  2.626361   3.0363705  3.022181   2.7916486  2.6333058  2.9491613
  3.1352122  2.6739247  2.58173    2.5458114  2.7754054  2.827571
  2.62068    2.5238273  2.4046469  2.3732262  2.5230742  2.5972476
  2.099207   2.5557141  2.5153425  2.5477126  2.6592352  2.504726
  2.7202733  2.493512   2.3940864  2.7451391  2.5166361  2.351353
  2.6924155  2.7400112  2.277952   2.3087575  2.5077045  2.3195677
  2.5950637  2.6013174  2.7739515  2.5414479  2.563981   2.57252
  2.4290278  2.8643122  2.273721   2.3630307  2.4658132  2.2558274
  2.6771443  2.6255732  2.5380373  2.6237092  2.337006   2.5841439
  2.7870073  2.5786114  2.5461287  2.8251276  2.7238777  2.7969563
  2.6397853  2.8845599  2.8175583  2.7335908  3.0086417  2.959345
  2.5795574  2.5211785  2.6361217  2.6555307  2.697166   2.4541662
  2.591475   2.6508446  2.43172    2.7450252  2.661785   2.686739
  2.603463   2.6250753  2.7434406  2.7129943  2.3377857  2.3193462
  2.7691827  2.8386426  2.8072495  2.5309825  2.6428835  2.7473226
  2.7885509  2.980678   2.342913   3.001144   2.7298937  2.7062905
 -3.0993297  2.6404552  2.7106519  2.4505858  2.4464526  2.5046988
  2.6656907  2.6699975  2.69388    2.061439   2.5239143  2.8235269
  2.5170336  2.8883045  2.7472196  2.7698607  2.7709126  2.5508592
  2.5995638  2.563206   2.4137912  2.398367   2.6965947  2.6274571
  2.4612203  2.6326997  2.5061436  2.95977    2.5271473  2.4151113
  2.6538813  2.719409   2.435413   2.5065432  2.637642   2.593222
  2.8790028  2.966642   2.6511497  2.6544695  2.3050823  2.5635157
  2.7236238  2.442871   2.7286267  2.627376   2.5914397  2.5057163
  2.9469268  2.5186553  2.9432707  2.4251115  2.968001   2.6119587
 -3.110239   2.7308528  2.7947187  2.701871   2.7418537  2.3557293
  2.560923   2.523255   2.6135101  2.6698546  2.7473457  2.7629886
  2.8809633  2.649407   2.5525086  2.6650388  2.5085888  2.4000034
  2.4117856  2.8230228  2.6594183  2.7745247  2.540873   2.4716043
  2.6239104  2.391797   2.4798532  2.7949562  2.944682   2.943614
  2.5209785  2.748574   2.5959516  2.4556584  2.7228782  2.5328257
  2.6265163  2.6672838  2.78381    2.3645253  2.8489323  2.82506
  2.750832   2.4859378  2.3609238  2.4234705  2.7791476  2.8153663
  2.4797015  2.7728877  2.6321688  2.399027   2.863761   2.730795
  2.7515187  2.988719   2.8326597  3.0610266  2.656523  -3.1301413
  2.9179158  2.9680645  2.9581518  2.787793   2.9062476  2.8233845
  2.6369576  2.6729488  2.7247264  2.9268503  3.008833   3.1065524
  2.7647045  3.0612369  2.491776   2.6513202  2.3526075  2.8383057
  2.839575   2.7811198  2.7198746  2.9480937  2.8336241  2.4590635
  2.5769722  2.5197945  2.6304698  2.8507304  2.9336653  2.9614627
  2.824893   2.7425148  2.9034069  2.9937692  2.7110536  2.7571552
  2.7191439  2.828646   2.5955012  2.5978653  2.861006   2.599085
  2.5583434  2.7769244  2.6963005  2.1474748  2.9015174  2.5232944
  2.116178   2.606874   2.7815564  2.3008316  2.346839   2.6399803
  2.4106205  2.7548113  2.7565055  2.754059   2.9786184 -2.9905872
  2.6547573  2.7029128  2.6099977  2.8281786  2.5085683  2.7605767
  2.8271506  2.517621   2.8101451  2.6087866  2.6184685  2.7059088
  2.697319   2.6325805  2.55056    2.7704978  2.6294959  2.6177518
  2.7193696  2.811215   2.882928   2.6953561  2.498243   2.4750419
 -2.931447   2.252265   2.5765486  2.6150343  2.358317   2.7154028
  2.652656   2.8133483  3.1231596  2.779823   2.9460406  2.545817
  2.681751   2.484653   2.7409513  2.535416   3.0074773  2.711945
  2.6668563  2.6216683  2.5588834  2.906761   2.690257   2.6207314
  3.0273764  2.9688077  2.483138   2.6245437  2.6207194  2.7707245
  2.8998961  2.46443    2.742569   2.8039746  2.4969645  2.434838
  2.868139   2.667164   2.9709218  2.6516075  2.9884374  2.5316534
  2.663619   2.4774601  2.4604325  2.7581897  2.5170567  2.4602997
  2.7899313  2.7048562  2.6547294  2.5374277  2.672339   2.5604708
  2.5925634  2.7180018  2.6607413  3.1404052  2.503511   2.7688503
  2.6199381  2.8028193  2.6296237  2.6904433  2.792      2.7958887
  2.7803001  2.585877   2.4053078  2.7120378  3.0556698  2.5017881
  2.679989   2.8269076  2.6358943  2.4458094  2.6674924  2.6395254
  2.4150467  2.3582006  2.5274997  2.7861917  2.4610338  2.6327608
  2.6904273  2.842742   2.6549237  2.6478317  2.8939033  2.6536627
  2.545135   2.5479774  2.6802547  2.5896244  2.4346478  2.466623
  2.660077   2.6251564  2.4703743  2.4166162  2.5962565  2.7995768
  2.691453   2.4356174  2.686288   2.4187038  2.7186954  2.65529
  2.3894548  2.7295535  2.71665    2.1469758  2.317388   2.6543508
  2.554729   2.5626442  2.6588795  2.4438555  2.7693458  2.497863
  2.386111   2.4411793  2.2602723  2.3166258  2.579997   2.9319723
  2.7797008  2.6205726  2.5839772  2.6025507  2.6102462  2.5359077
  2.4850934  2.5872436  2.2941957  2.3618913  2.6436963  2.6558638
  2.8197086  2.5600777  2.7253232  2.529345   2.6580575  2.6611228
  2.460401   2.1354957  2.3228562  2.7022512  2.7821476  2.5075872
  2.4163604  2.8363407  2.3583958  2.6723995  2.6463678  2.760449
  2.8068674  2.635836   2.8475463  2.4616046  2.5937984  2.7602007
  2.3786554  2.6225262  2.586503   2.5044498  2.4211848  2.7881303
  2.795088   2.5412169  2.2864127  2.6414888  2.575672   2.4313362
  2.5653238  2.65035    2.8064852  2.587425   2.5982113  2.5715299
  2.6442964  2.6264238  2.588498   2.566444   2.346291   2.5122836
  2.5594468  2.353979   2.6273243  2.6750648  2.5367775  2.8598504
  2.8105145  2.645919   2.6535318  2.6498702  2.5410588  2.680309
  2.7138147  2.613054   2.8210382  2.585476   2.5963328  2.7727091
  2.443525   2.6131883  2.4114046  2.7547936  2.6030073  2.563789
  2.5864406  2.818572   2.7185364  2.7473133  2.6966987  2.5397005
  2.6864514  2.6891813  2.665474   2.647108   2.7392838  2.994496
  2.4488554  2.7880607  2.598909   2.6742718  2.5483859  2.5860724
  2.7870138  2.5647612  2.548989   2.7732387  2.7286112  2.7799916
  2.44994    2.593162   2.670074   2.6693606  2.8804638  2.3147326
  2.6238275  2.8459473  2.3154905  2.682077   2.4501793  2.459401
  2.101877   2.552247   2.6190057  2.4348772  2.3928325  2.7789156
  2.6037056  2.6694071  2.4647474  2.7157638  2.554412   2.6795158
  2.650306   2.5872304  2.604477   2.630201   2.68197    2.7735686
  2.8796444  2.6885617  2.492234   2.8389647  2.639425   2.5418625
  2.8089309  2.616917   2.6874359  2.8543906  2.7660642  2.4974546
  2.7678256  2.88336    2.6314538  2.821859   2.5604491  2.6576614
  2.6522527  2.8343964  2.684058   2.3348978  2.723968   2.9041486
  2.582223   2.2795491  2.5340655  2.5266068  2.6338766  2.7649195
  2.473345   2.520857   2.5252202  2.6524158  2.5089478  2.6672041
  2.7682652  2.733592   2.4708502  2.589152   2.8841333  3.0425136
  2.5983615  2.5992293  2.8064997  2.5587444  2.493983   2.793802
  2.5605938  2.558247   2.4069576  2.522367   2.686741   2.6662269
  2.4409757  2.489753   2.6310349  2.3439898  2.3595529  2.5799398
  2.286981   2.6344504  2.539147   2.5995095  2.4802704  2.2980464
  2.9095664  2.6328003  2.5740442  2.4862065  2.6109166  2.576159
  2.3412051  2.732987  -3.0923798  2.6065502  2.4750876  2.471407
  2.729929   2.8859339  2.820838   2.4660263  2.5399952  2.4395156
  2.4561617  2.7881472  2.5163813  2.4188883  2.91594    2.9072566
  2.6237879  2.7297394  2.4401572  2.577825   2.4751468  2.555625
  2.9357615  2.7878215  2.4564905  2.5820708  2.760101   2.4990273
  3.0673678  2.7819424  2.7779582  2.5328727  2.6373644  2.4228094
  2.9262881  2.4459176  2.9729476  2.736731   2.4825847  2.6065638
  2.7048256  2.5894763  2.3619428  2.8859239  2.7669413  2.7722454
  2.5848413  2.5429518  2.7464442  2.5152557  2.435759   2.6165426
  2.6312912  2.586578   2.6631286  2.8496826  2.5638494  2.4609342
  2.6024702  2.6979928  2.536735   2.5140963  2.2115457  2.5934258
  2.587888   2.7948093  2.6679459  2.668141   2.5551224  2.4178572
  2.5926745  2.532545   2.4843597  2.491674   2.3336332  2.679513
  2.593742   2.4282997  2.4109547  2.4429255  2.7231467  2.601735
  2.7047946  2.5555623  2.6469202  2.705228   2.5098827  2.610221
  2.228979   2.5598075  2.9825482  2.2076495  2.1565542  2.8630724
  2.9046888  2.9080286  2.4210017  2.5686617  2.6626792  2.2718968
  2.5005445  2.4825807  2.600376   2.7733784  2.9044318  2.3764465
  2.3912606  2.8005006  2.7675824  2.6627762  2.4549558  2.4984505
  2.5993152  2.4208117  2.9265625  2.863254   2.3965964  2.377134
  3.0460856  2.8140373  2.691362   2.4895241  2.9535747  2.6761365
  2.8365936  2.6249866  2.6068668  3.0227306  2.7515843  2.660425
  2.5625556  2.6218295  2.632581   2.914188   3.0423658  2.8347054
  2.5715694  2.4135056  2.6747766  2.544434   2.5239856  2.6568167
  2.5329695  2.3756816  2.2863722  2.6277442  2.392136   2.682853
  2.474506   2.442993   2.6483598  2.6951926  2.6588368  2.379809
  2.4844475  2.759029   2.4780698  2.739537   2.5937386  2.6465323
  2.5755186  2.8506064  2.414474   2.5640812  2.3182187  2.445187
  2.5023458  2.6483707  2.6821356  2.3370438  2.5975819  2.6992779
  2.538886   2.799175   2.5668187  2.4079528  2.5350766  2.5940092
  2.6309857  2.5406442  2.1132975  2.5762265  2.4985156  2.5238423
  2.4520829  2.9114423  2.5466783  2.191715   2.7358959  2.9108481
  2.8259697  2.9546463  2.5526834  2.5350802  2.5406804  2.523717
  2.6030102  2.896105   2.468495   2.7794585  2.709688   2.3130395
  2.780193   2.7885318  2.714527   2.636786   2.3731594  2.7155972
  2.635362   2.5779219  2.480133   2.5454628  2.6366823  2.6441708
  2.5860212  2.7474859  2.7766454  2.9217901  2.7626033  2.6448178
  2.6541238  2.7784348  2.4196382  2.6405015  2.4667213  2.4727273
  2.5322502  2.5113294  2.6257613  2.529465   2.526229   2.543414
  2.7086346  3.0048447  2.5858943  2.5479367  2.724151   2.655534
  2.237845   2.3788838  2.7775075  2.6943545  2.5680366  2.6891303
  2.3547454  2.703109   2.709015   2.2608135  2.486707   2.4753528
  2.4368434  2.6734695  2.3040662  2.4714413  2.7058468  2.7869549
  2.762885   2.9765365  2.5606527  2.5086532  2.9248734  2.4195452
  2.690284   2.620531   2.4355001  2.5638137  2.6947205  2.567376
  2.6211228  2.891412   2.7086072  3.0150964  2.5883014  2.4952667
  2.4262068  2.8082807  2.5425515  2.50259    2.2472258  2.5060856
  2.4581208  2.4962797  2.5281491  2.6837707  2.7055912  2.7707498
  2.6232536  2.7050822  2.7397778  2.8714306  2.6512625  2.8105066
  2.6635313  2.6189115  2.8923733  2.6454654  2.5052202  2.444526
  2.7031536  2.7906108  2.763732   2.726366   2.7156682  2.5253453
  2.846956   2.7100816  2.389965   2.6951206  2.5370626  2.6204143
  2.628108   2.697271   2.6811156  2.6531126  2.7035525  2.7017467
  2.4402046  2.670239   2.7532828  2.7132213  2.553961   2.4744294
  2.8246784  2.6203122  2.2749016  2.465773   2.1702366  2.3959188
  2.3853502  2.5815368  2.6550992  2.6553147  2.593297   2.851878
  2.5146947  2.4792457  2.6766057  2.617371   2.298225   2.6200624
  2.5242033  2.4514031  2.4333808  2.5921152  2.4722826  2.4651337
  2.6693866  2.6816585  2.7082975  2.8556418  2.3447294  2.6134534
  2.3899987  2.6286836  2.5074081  2.4319603  2.8740733  2.1123047
  2.5350053  2.2814434  2.5269156  2.6927037  2.516937   2.3516018
  2.4034505  2.564699   2.518466   2.5428538  2.3845532  2.600615
  2.4244123  2.455917   2.4741304  2.5468934  2.3497798  2.6558628
  2.2213879  2.3087988  2.371399   2.3158853  2.2913237  2.471482
  2.5157077  2.4030232  2.2240431  2.578756   2.51208    2.5767462
  2.7233126  2.5751832  2.3987384  2.4780092  2.6883821  2.3415332
  2.8493257  2.2304037  2.320394   2.225005   2.2632582  2.302086
  2.5634146  2.3958628  2.421171   2.1775718  2.5053272  2.2726698
  2.4154303  2.4213161  2.440605   2.4110632  2.5871453  2.640115
  2.5188735  2.5204837  2.4981277  2.4788885  2.6272674  2.5825825
  2.2872348  2.705369   2.600898   2.2765074  2.4120655  2.2985764
  2.3906915  2.404387   2.4478781  2.3964903  2.6068327  2.454332
  2.2847717  2.1576536  2.3000035  2.3045156  2.3416326  2.5990353
  2.458851   2.7480385  2.3985183  2.546325   2.4237506  2.2607527
  2.4278243  2.5291972  2.1742578  2.507752   2.6106384  2.3391488
  2.4686875  2.5100589  2.210809   2.220558   2.514628   2.654879
  2.5596845  2.580433   2.5665946  2.381245   2.5641408  2.474183
  2.4642615  2.6922696  2.6037853  2.5807996  2.527844   2.5148036
  2.637456   2.7157588  2.5586624  2.503214   2.4957333  2.4690514
  2.612868   2.5667162  2.6019928  2.4308898  2.4805644  2.5757918
  2.6840746  2.5506263  2.8150637  2.7145839  2.6990137  2.6950774
  2.3339381  2.7019954  2.5474997  2.5761395  2.6208448  2.5130758
  2.3942091  2.628674   2.5140505  2.7092502  2.6982355  2.480081
  2.4431047  2.4538999  2.3176699  2.379207   2.6127946  2.8226113
  2.72744    2.7826169  2.4174423  2.8588872  2.553177   2.701134
  2.5698373  2.5720334  2.3402321  2.3751144  2.6905112  2.683941
  2.6427171  2.6113338  2.5290077  2.476131   2.7003572  2.650407
  2.657981   2.7573023  2.5111473  2.5963447  2.3009913  2.4933114
  2.3769226  2.315438   2.2185657  2.430016   2.243795   2.491558
  2.5688672  2.2623634  2.3324113  2.0150168  2.6617334  2.7486546
  2.481067   2.6850998  2.5688372  2.4794636  2.4954317  2.497315
  2.264574   2.7243137  2.3317134  2.543341   3.0341017  2.4128485
  2.6025136  2.3374875  2.7815645  2.2807684  2.2688324  2.431365
  2.489069   2.3224845  2.6783364  2.4717593  2.6915946  2.752691
  2.7927976  2.962849   2.9878397  3.0946546 -3.1274986  2.7814832
  3.0119526  2.773384   2.6005619  2.526546   2.88998    2.9852128
  2.9573567  3.0409064  2.6294036  2.99761    2.809849   2.9804642
  2.753738   2.466498   2.6016092  2.5192034  2.593121   2.5153823
  2.896778   2.901945   2.889832   2.6185699  2.544496   2.9080365
  2.8355665  2.5399     2.7098398  2.4067056  2.9166794  2.62897
  2.509823   2.7042696  2.7155044  2.9249773  2.726172   2.6064644
  2.541717   2.8455148  2.6895766  2.8167987  2.7326353  2.7600417
  2.8962305  2.915389   2.555436   2.4170294  2.7637804  2.6275203
  2.3819523  2.6291509  2.6664479  2.7100348  2.4912212  2.5430143
  2.5034728  2.316581   2.7621512  2.6054063  2.5364015  2.5206487
  2.876752   2.5112092  2.4674332  2.281345   2.3099914  2.1475594
  2.5383854  2.4033892  2.5883574  2.7442133  2.6469145  2.4233642
  2.4677815  2.675662   2.552309   2.3244495  2.764802   2.5939689
  2.6929355  2.5035577  2.7569785  2.343868   2.6385622  2.2351305
  2.1512887  2.1610641  2.4000552  2.6668997  2.6585848  2.8746204
  2.544226   2.945722   2.4974115  2.551031   2.458904   2.335475
  2.6126413  2.612202   2.602371   2.6942985  2.261081   2.6934988
  2.6630466  2.476746   2.5535152  2.5270114  2.5436294  2.343622
  2.833804   2.3932188  2.2433186  2.419361   2.5712833  2.2267933
  2.263299   2.2530382  2.2550519  2.464206   2.5995762  2.266658
  2.6074307  2.5871377  2.1685915  2.915495   2.304263   2.4580934
  2.7608745  2.5096107  2.7155988  2.8383079  2.563479   2.7485456
  2.4690647  2.5173945  2.6805391  2.8386188  2.6731734  2.6166186
  2.3654435  2.6332324  2.6455402  2.7835724  2.4992843  2.5649123
  2.6520522  2.5693417  2.8500109  2.5181522  2.5904047  2.8397038
  2.4652572  2.4499283  2.522174   2.606183   2.4026923  2.578007
  2.5138116  2.7340953]
