[-1.0140975  -1.4704863  -1.8676678  -1.4921     -1.7693383  -1.1219509
 -1.4435108  -1.3274688  -1.155741   -2.0041575  -1.9656948  -1.8365426
 -1.924401   -1.6560031  -2.5211644  -2.250836   -2.4146001  -1.7707571
 -2.294021   -2.4294724  -1.7592621  -1.8753501  -2.025735   -1.7014455
 -1.6524048  -1.3843257  -1.3712755  -1.2781214  -1.4104778  -1.6769577
 -1.3262532  -1.6170098  -1.8472687  -1.7598838  -0.9230769  -1.3268085
 -1.5593789  -1.246332   -1.254593   -1.3752314  -1.2918639  -1.2923439
 -1.3120009  -1.6188216  -1.6534727  -1.4732033  -1.4067847  -1.1564023
 -0.980219   -1.3550425  -0.9803776  -1.1110175  -1.7931616  -1.1494524
 -1.7190137  -1.0286118  -0.9998603  -0.9261516  -2.2336352  -1.1961617
 -1.3684167  -2.750592   -0.9863208  -1.7281717  -1.5075955  -1.1210514
 -1.3811014  -1.6948695  -1.0286235  -1.0536069  -0.58465284 -1.1967618
 -1.5716965  -1.3715776  -1.25478    -1.6153235  -1.1184465  -1.4932375
 -1.2052929  -1.3422091  -1.0910383  -2.3601966  -1.0240295  -1.1688057
 -0.95253164 -2.0460033  -0.9814568  -2.301862   -1.132128   -1.1694504
 -1.2705665  -1.2247207  -1.4570984  -1.3004309  -1.2861285  -1.1947984
 -1.7072942  -1.2605038  -0.96727395 -1.2838824  -1.4892205  -1.1494436
 -2.2795746  -1.0419855  -0.72398037 -1.3195801  -2.1137629  -1.17013
 -1.7056189  -1.5708668  -1.2569999  -1.0103972  -1.4278481  -0.95088005
 -1.3055243  -1.3437862  -0.9603955  -1.4001753  -0.9450954  -1.4329462
 -1.4469495  -1.534948   -1.6178988  -1.1738446  -1.4272568  -1.270617
 -1.679653   -1.4085735  -1.587686   -1.5640795  -1.2216423  -1.5181652
 -1.4371083  -1.2070658  -1.0500375  -1.6917294  -1.4660054  -1.5082203
 -1.4178785  -1.146819   -1.2724698  -0.95314693 -1.1703242  -1.1888442
 -1.5728741  -1.3039027  -1.5022466  -1.4383003  -1.6061399  -1.5239174
 -1.4768784  -1.5211978  -1.3161049  -1.1351987  -1.9233421  -1.410973
 -1.7227819  -1.2878225  -1.4530644  -1.375834   -1.4858019  -1.2532678
 -1.1464347  -1.4530084  -1.4375787  -1.8802606  -1.3949356  -1.3257122
 -1.4424162  -1.2660425  -0.8388493  -2.319637   -2.0586858  -1.4136558
 -1.2222183  -0.86635125 -1.2686759  -1.319291   -1.7004725  -1.2578794
 -1.3404247  -0.9197893  -1.2135212  -1.2890915  -1.7066722  -1.5404857
 -1.3076762  -1.1193731  -1.2086225  -1.358634   -1.3496885  -1.4986497
 -0.99664235 -1.2695222  -1.382886   -2.1256585  -1.8052901  -1.5323095
 -1.6849126  -1.3155442  -1.4277763  -1.3314743  -1.2720556  -1.6200864
 -1.7250538  -1.2613745  -1.2685785  -1.2860371  -1.2743793  -1.4449723
 -1.0582591  -1.3158152  -1.418489   -1.2667406  -1.127289   -1.4962654
 -1.3322341  -1.2993686  -1.2788146  -1.5968958  -1.5537709  -1.4274533
 -1.4294269  -1.4803451  -1.4780366  -1.0243132  -1.2563426  -1.4586579
 -1.4802413  -1.1540154  -1.4308169  -1.3794374  -1.2952435  -1.6649181
 -1.1054779  -1.6457165  -1.7380108  -1.3797665  -1.32819    -1.2042966
 -1.4431274  -1.6102898  -1.7865692  -1.5538859  -1.7329813  -1.024692
 -1.3082068  -1.2552474  -1.43973    -1.4465556  -1.0186464  -1.1594328
 -1.4234875  -1.2561171  -1.3034794  -1.3808876  -1.6107951  -1.6736891
 -1.3401278  -1.4942558  -1.2902817  -1.5057325  -1.6994957  -1.4650071
 -1.3452508  -1.9338449  -1.3267778  -1.5362055  -1.4347836  -1.6539543
 -1.5569639  -1.655205   -1.6434141  -1.6555544  -0.9679838  -1.535119
 -1.2529162  -1.648394   -1.1465652  -1.4538151  -1.8440236  -2.3096075
 -2.0450206  -1.8286188  -1.7705145  -1.8637451  -1.803325   -1.7008041
 -1.2786579  -1.6026618  -1.4135058  -1.4989382  -1.8553327  -1.3192902
 -1.50682    -1.2346162  -1.5127937  -1.4295684  -1.5022801  -1.8242043
 -1.4083387  -1.7037783  -1.0512252  -1.4265367  -1.2003355  -2.078919
 -1.7080964  -1.1731137  -1.5291727  -1.4534553  -1.4379423  -1.3214351
 -1.5287657  -1.4895712  -1.6899545  -2.5439234  -1.8095592  -1.4990999
 -1.5307726  -1.4393046  -1.4305102  -1.4420921  -1.6100446  -2.0377598
 -1.0549678  -1.3347921  -1.2035041  -1.4556955  -1.4084632  -1.080484
 -1.5381905  -1.3408736  -1.3073509  -1.4242705  -1.2679111  -1.0983585
 -1.2898183  -1.5574983  -1.2684599  -0.8849876  -1.2251757  -1.0422018
 -1.1827208  -1.3116428  -1.2944956  -1.1392926  -2.6238155  -1.6459675
 -2.0561929  -2.1015117  -1.6111592  -2.0808048  -1.7317737  -1.8604343
 -1.462097   -1.7171485  -1.8320122  -2.1258502  -1.9387953  -1.9058299
 -1.3937603  -1.5079429  -1.9925212  -1.1547073  -1.5099758  -1.4243934
 -2.1273909  -1.1316693  -1.0100093  -1.304263   -1.4572562  -1.8779105
 -1.0747131  -1.5450987  -1.5616556  -1.2673192  -1.1464347  -1.0493783
 -1.3039806  -1.1611862  -1.2490871  -1.2150589  -1.8776541  -1.3984177
 -1.2145294  -1.2850212  -1.240824   -1.5566788  -1.03018    -1.3600147
 -1.156823   -1.3806752  -1.3354812  -1.5586032  -1.2412279  -1.5425247
 -1.4714831  -1.3598744  -1.75422    -1.4264815  -1.811818   -1.2805662
 -1.4959643  -1.0663569  -1.3828297  -1.2375784  -1.2328169  -1.9787542
 -1.7283183  -1.2082831  -1.5910925  -1.2717714  -1.7257434  -1.7679809
 -1.3706458  -1.2055483  -1.2892678  -1.6197007  -1.319895   -1.528506
 -1.4495995  -1.7518812  -1.9728867  -1.2131809  -1.2394134  -1.1727347
 -1.5036376  -1.5061061  -1.5436149  -1.1343518  -1.3272647  -1.3166583
 -1.1725352  -1.0074924  -1.4764599  -1.4302093  -1.0959916  -0.9411359
 -1.2665328  -0.86851966 -1.285076   -1.1785027  -1.6860785  -1.5157572
 -1.1407833  -1.4176751  -1.1074018  -1.3181278  -1.490191   -1.4588662
 -1.6460853  -1.183068   -1.2714875  -1.2942104  -1.212239   -1.0752332
 -1.1538148  -1.1966391  -1.2293249  -1.2698904  -0.97846246 -1.3800822
 -1.462023   -1.3095754  -1.5943196  -1.264085   -1.531412   -1.2762719
 -1.3224157  -1.2786127  -1.3358538  -1.3078994  -1.2844126  -1.3670099
 -1.2560709  -1.2598569  -1.4760612  -1.5207955  -1.1325427  -1.3581691
 -1.299926   -1.2534552  -1.2682886  -1.1997442  -1.2812004  -1.5826766
 -1.3771724  -1.6453097  -1.3137426  -1.6537158  -1.3999099  -1.4130533
 -1.785296   -1.5319707  -1.8329363  -1.4964631  -1.3508538  -1.2708652
 -1.4656118  -1.3750141  -1.6355265  -1.3403596  -1.4271116  -1.5241187
 -1.5976049  -1.150857   -1.1537155  -1.4996083  -1.012187   -1.4930631
 -1.4102956  -1.3070728  -1.5825292  -1.4808056  -1.4798764  -1.3421466
 -1.5389822  -1.4156593  -1.7768002  -1.2141325  -1.3501914  -1.3552158
 -1.4888222  -1.1294204  -1.1732134  -1.3694544  -1.1773962  -1.1858554
 -1.0975313  -1.7471341  -1.4293616  -1.4162703  -1.145087   -1.5109133
 -1.7233598  -1.2159222  -1.4825399  -1.4139402  -1.1036758  -1.6547753
 -1.7804039  -1.425409   -1.8422171  -1.2614607  -1.6802545  -1.7470298
 -1.3378229  -1.4588022  -1.5187627  -1.4329146  -1.397129   -1.3632268
 -1.2463541  -1.4699825  -1.5346274  -1.6603714  -1.8597106  -1.4482731
 -1.602173   -1.5396676  -1.2912418  -1.3826113  -1.4027567  -1.5732373
 -1.499176   -1.7579882  -1.4549383  -1.1660856  -0.9702615  -1.1735351
 -1.3214391  -1.5866336  -1.6160705  -1.4123424  -1.3607513  -1.3116411
 -1.3426659  -1.5422311  -0.8704886  -1.0373017  -1.4995894  -1.2047671
 -1.1456708  -1.1964331  -1.4254597  -1.1579592  -1.012649   -0.85039693
 -1.1577731  -1.178524   -1.3002795  -1.4901795  -1.5296631  -1.4502317
 -1.1332912  -1.1360819  -0.7826747  -1.3248839  -0.8052058  -1.1001024
 -1.1076465  -1.0826756  -1.0758463  -1.2800691  -0.91393787 -1.3537949
 -1.1485677  -1.2142916  -0.9459282  -1.3291655  -1.1375825  -1.2073354
 -1.0846301  -0.9485171  -1.4955974  -1.4367083  -1.6050823  -1.5253961
 -1.1830684  -1.4264088  -1.0882361  -1.2112938  -1.2109215  -1.2986959
 -1.067577   -1.4274006  -1.1964712  -1.2636673  -1.5675522  -1.3359523
 -1.5297056  -1.3654094  -1.2610927  -1.1531854  -1.1729506  -1.385644
 -1.2433527  -1.4402084  -1.215953   -1.2860463  -1.4341203  -1.1301501
 -1.3164634  -1.9457735  -1.8257788  -0.9611419  -1.3235044  -1.5730836
 -1.8396436  -1.5592066  -1.7231003  -1.2906363  -1.535044   -1.1091547
 -1.3183199  -0.94690555 -1.4097168  -1.3123076  -1.0412604  -1.5291227
 -1.1796566  -1.2060474  -1.0873696  -1.1920173  -1.089989   -1.2806376
 -1.1241394  -1.1770272  -1.0410507  -1.2255771  -1.3360492  -1.0856556
 -1.4375073  -1.2200108  -0.9347304  -1.3546252  -1.183013   -1.1036886
 -1.177566   -1.2180874  -1.370421   -1.0408796  -1.221134   -1.1262313
 -1.31113    -1.5863196  -1.0452862  -1.247309   -1.3467423  -1.2471881
 -1.1637925  -1.4029168  -1.1825447  -1.4943933  -0.75996125 -0.9026083
 -1.3266808  -1.47289    -1.1548773  -1.5452174  -1.4583522  -1.4004052
 -1.1149123  -1.24139    -1.0999599  -1.544258   -1.4781923  -1.4818655
 -1.3596795  -0.9360167  -1.3897676  -1.2136565  -1.4463366  -1.1237788
 -1.3474724  -1.6386961  -1.037186   -1.463515   -1.358425   -1.452897
 -1.2063489  -1.6392937  -1.4238492  -1.4416113  -1.1343691  -0.81433207
 -1.4881871  -1.6789458  -1.8329206  -1.3283607  -1.4707934  -1.3042321
 -1.4110581  -1.7902302  -1.4279068  -1.6955342  -1.3355504  -1.5227151
 -2.1279378  -1.3374445  -1.8277818  -1.1550604  -1.6694328  -1.4209917
 -1.0982573  -1.5560778  -1.5528514  -1.2652396  -1.3456755  -1.3141745
 -1.5577856  -1.5798382  -1.2711508  -1.2399849  -1.4663299  -1.1456525
 -1.3065188  -1.2921042  -1.1475204  -1.2550572  -1.3512547  -1.3346522
 -1.1578202  -1.3182104  -1.0621953  -1.663828   -1.3672173  -1.0882679
 -1.4750754  -1.2967643  -1.1994216  -1.1663429  -1.2089208  -1.4663777
 -1.4215611  -1.6120381  -1.385249   -1.3787181  -1.1483151  -1.2284609
 -1.3339496  -1.001844   -1.4865683  -1.4774132  -1.3406955  -1.3272874
 -1.3661743  -1.2296195  -1.3888422  -0.89923203 -1.4740918  -1.2957939
 -1.8492788  -1.4607673  -1.1883998  -1.5039765  -1.3858696  -0.9096493
 -1.4556371  -1.1146789  -0.9240483  -1.0596805  -1.2862885  -1.365715
 -1.5653203  -1.1154449  -1.4253725  -1.6397157  -1.0961069  -1.0394684
 -1.2541914  -1.558571   -1.3590329  -1.4130675  -1.3278186  -1.3831078
 -1.2927184  -1.1614498  -1.0611904  -1.4362793  -1.6400542  -1.7412106
 -1.0509771  -1.6026193  -1.20729    -1.3147539  -1.644094   -1.167037
 -1.2707274  -1.4778695  -1.6097392  -1.1554887  -1.4662035  -1.7576376
 -1.2566544  -0.8472339  -1.050484   -0.94874424 -1.4094223  -1.1906167
 -1.0500504  -1.30464    -1.3299575  -1.0779442  -1.5906383  -1.3343153
 -1.4457915  -1.60027    -1.2386652  -1.6698252  -1.3259238  -1.4373565
 -1.4955943  -1.859016   -1.3075093  -1.450778   -1.5236337  -1.4833848
 -1.3720671  -1.0171145  -1.3528597  -1.6275283  -1.3885934  -1.7596741
 -1.1754915  -1.4575657  -0.94540477 -1.2613864  -1.3750226  -1.8058939
 -1.5472779  -1.3339638  -1.304894   -1.5120872  -1.4647999  -1.3045632
 -1.0385768  -1.2437009  -1.4051094  -1.6215388  -1.4228725  -1.23016
 -1.3122094  -1.5004534  -1.5337774  -1.684063   -1.4125665  -1.1761738
 -1.0937401  -1.3263323  -1.1186136  -1.3067635  -1.728164   -1.2631531
 -1.0104371  -1.5305933  -1.3407861  -1.0362871  -1.7558535  -1.3891101
 -1.065457   -0.90467703 -1.6803848  -1.2221068  -0.9549781  -1.1127918
 -1.5950744  -1.6085489  -1.400976   -1.5584317  -1.2662467  -1.9946288
 -1.3649048  -1.4154419  -1.2202237  -1.5921943  -1.4507722  -1.7778941
 -1.332654   -0.9353429  -1.1131864  -1.2216623  -1.29582    -1.0466001
 -2.1107159  -1.4287106  -1.4964528  -1.5627275  -1.1841834  -1.008969
 -1.4559038  -1.4815713  -1.7402108  -1.4609795  -1.3647418  -1.1828854
 -2.2590036  -1.2529699  -1.577632   -1.6293105  -1.3272134  -1.6455121
 -1.3100271  -1.4938626  -2.0035324  -1.460764   -1.5191119  -1.2213631
 -1.437031   -1.2457064  -1.2612064  -1.3401475  -2.216741   -1.4034263
 -1.1709006  -1.4042372  -1.4929942  -1.3626411  -1.2833604  -1.4068449
 -1.6642011  -1.5140692  -1.1014166  -1.1356883  -1.2684374  -1.5149779
 -1.5981823  -1.0359753  -1.25031    -1.2671851  -1.1262498  -1.1373626
 -1.4815632  -1.2386925  -1.5698469  -1.3907081  -1.7280531  -1.1236863
 -1.357972   -1.4879045  -1.3189619  -1.2792145  -1.0598195  -1.3174815
 -1.5562325  -1.5920384  -1.5151304  -1.2490429  -1.1355498  -1.1912364
 -1.287172   -1.3169596  -1.3189812  -1.7763144  -1.1292813  -1.7943102
 -1.3993868  -1.4274706  -1.4611423  -1.4369841  -1.3317882  -1.4665213
 -1.1842499  -0.9558667  -1.0706115  -1.3031275  -1.7215225  -1.1254107
 -1.5051477  -1.2372468  -1.4876575  -1.3438636  -1.4064252  -1.04548
 -1.0109292  -1.0401974  -1.2111356  -1.4149528  -1.3033323  -1.3660289
 -1.4922765  -1.3497819  -1.3404413  -1.4789133  -1.9135002  -1.2199606
 -1.2636445  -1.2953298  -1.372324   -1.4527844  -1.3503281  -1.3777158
 -1.389138   -1.4667034  -1.304507   -1.4103186  -1.3953073  -1.6175603
 -1.5797694  -1.3858327  -1.2516216  -1.3420814  -1.8152453  -1.3666217
 -1.4967179  -1.5100379  -1.8686472  -1.1389441  -1.1452656  -1.2278159
 -1.3935354  -1.5207356  -1.4387877  -1.2847743  -1.7448044  -1.4129472
 -1.3433558  -1.5528275  -1.2428837  -1.3729699  -1.4316996  -1.3722893
 -1.5012953  -1.4627187  -1.3804065  -1.6235205  -1.5220331  -1.2556496
 -1.4087727  -1.4965763  -1.3214724  -1.2725449  -1.4512366  -1.4795057
 -1.7049584  -1.5314296  -1.56629    -1.5665165  -1.6951935  -1.5981939
 -1.354407   -1.2963939  -1.3700886  -1.3976963  -1.6185924  -1.3463657
 -1.3624848  -1.6555983  -1.3169259  -0.9546949  -1.1582323  -1.4295338
 -1.7542334  -1.355759   -1.5819887  -1.09196    -1.3604493  -1.4082606
 -1.5164597  -1.383421   -1.2824657  -1.4466766  -1.4350036  -1.6400881
 -1.581995   -1.3401241  -1.3305348  -1.4079659  -1.4481158  -1.1546499
 -1.467171   -1.444841   -1.2447386  -1.4894338  -1.5189203  -1.3718722
 -1.357981   -1.38014    -1.200414   -1.046143   -1.0366228  -1.3895204
 -1.4266255  -0.95523036 -1.2044753  -1.361448   -1.2374042  -1.1220765
 -1.3679795  -1.3262991  -1.1827072  -1.2920009  -1.1225562  -1.5647811
 -1.5530076  -1.3913647  -1.3836063  -1.1719248  -1.1672049  -1.6402992
 -0.9854576  -1.3850588  -1.1941532  -1.2719239  -1.2553144  -1.3509318
 -1.4242105  -1.36129    -1.3066566  -1.3699043  -1.6577541  -1.4058652
 -1.3447042  -1.2643943  -1.1693227  -1.0481004  -1.533736   -1.4973838
 -1.0278732  -1.3750906  -1.3485956  -1.3954611  -1.2658575  -1.3871453
 -1.6044233  -1.1042085  -1.1563435  -1.3089093  -1.219718   -1.330296
 -1.134728   -1.3200804  -1.0980883  -1.2105398  -1.4018438  -1.192338
 -1.346094   -1.5362444  -1.2703412  -1.326884   -1.3911076  -1.2831266
 -0.9496092  -1.3892579  -1.3916373  -1.1634299  -1.3173931  -1.5227662
 -1.4104505  -1.3637913  -1.2068076  -1.3554265  -1.2004873  -1.0021393
 -1.0304252  -1.1837425  -1.3278664  -1.1290685  -1.3407468  -1.5614291
 -1.2786273  -1.2685324  -0.98727936 -1.4211694  -1.2633512  -1.036815
 -1.4881305  -1.309487   -1.3458925  -1.5772024  -1.5597839  -1.2921551
 -1.6079775  -1.7859677  -1.3445312  -1.535284   -1.3729705  -1.3030523
 -1.4400758  -1.687199   -1.3068635  -1.0726917  -1.5782993  -1.4428587
 -1.2525505  -1.0463982  -1.3984349  -1.4756491  -1.214037   -1.4649949
 -1.126313   -1.2588074  -1.0691625  -1.4059101  -1.5014045  -1.1747568
 -1.6679064  -1.6747553  -1.3292673  -1.4824682  -1.7876207  -1.8521794
 -1.3580832  -1.8119339  -1.2609736  -1.4290031  -1.7016579  -1.5532608
 -1.244914   -1.2275248  -1.1345248  -1.4923927  -1.4827762  -1.5318525
 -1.4263308  -1.2400843  -1.442304   -1.288904   -1.1809984  -1.2724806
 -1.0568756  -1.151539   -1.2404058  -1.2344179  -1.3716749  -1.0045421
 -1.5642859  -1.2448614  -1.0383874  -1.2230219  -1.6459142  -1.3682505
 -1.1146055  -1.4101514  -1.7431874  -1.4312981  -1.241445   -1.248873
 -1.51128    -1.3887125  -1.4924241  -1.1839323  -1.4959335  -0.94864947
 -1.2457025  -1.4512576  -1.3751012  -1.3248446  -1.6788675  -1.7302605
 -1.3153692  -1.3764689  -1.2315292  -1.3737763  -1.4286762  -1.40125
 -1.700417   -1.5023094  -1.3305527  -1.2213825  -1.3890353  -1.2623878
 -1.8268843  -1.3723556  -1.3901947  -1.3704642  -1.5904065  -1.2762611
 -1.9321202  -1.0516111  -1.7827941  -1.6741017  -1.2426285  -1.2244872
 -1.2768807  -1.3598728  -1.278527   -1.5970166  -1.3191642  -1.503465
 -1.3709619  -1.1756958  -1.6014754  -1.3452078  -1.3235762  -1.2217894
 -1.3606418  -1.5576744  -1.2741431  -1.5122598  -1.47485    -1.2550111
 -1.4857603  -1.5637679  -1.1356759  -1.3976008  -1.183775   -1.3755242
 -1.216467   -1.5498129  -1.703493   -1.3950374  -1.2510237  -1.32419
 -1.257191   -1.3850218  -1.343438   -1.2733392  -1.537844   -1.5842907
 -1.8267579  -1.5078602  -1.3566576  -1.3322153  -1.3286659  -1.7074665
 -1.6884269  -1.566302   -1.5889798  -1.3834702  -1.1662853  -1.5180976
 -1.2903624  -1.3106165  -1.5076588  -1.3827862  -1.1792307  -1.7768958
 -1.8387542  -1.7641748  -1.3046603  -1.3598809  -1.4536395  -1.1727929
 -1.5538858  -1.0564293  -1.4001673  -1.522278   -1.3365844  -1.1486901
 -1.1350073  -1.469584   -1.3011152  -1.313685   -1.4462173  -1.3359594
 -1.4651877  -0.99020076 -1.5791339  -1.7268565  -1.3106095  -1.1820976
 -1.7093592  -1.5173792  -1.4923548  -1.5687279  -1.885316   -1.2575445
 -1.5545986  -1.2972171  -1.2988602  -1.7344455  -1.5519654  -1.4559461
 -1.1701438  -1.2480764  -1.1556628  -1.6654154  -1.627658   -1.8761762
 -1.5094156  -1.2734605  -1.2485132  -1.3900151  -1.4395791  -1.6476085
 -1.3540854  -1.221746   -1.3144015  -1.2648534  -1.2989978  -1.4021692
 -1.4921992  -1.4444215  -1.5508419  -1.5356361  -1.5034969  -1.1176451
 -1.2348111  -1.2408876  -1.033255   -1.2504525  -1.1820389  -1.1691554
 -1.2017977  -1.4416413  -1.3689408  -1.24853    -1.0109284  -1.3033451
 -1.4659786  -1.2044404  -1.4033011  -1.2473557  -1.5289085  -1.5403169
 -1.5416898  -1.5873642  -1.7275344  -1.3669499  -1.3795203  -1.3163013
 -1.5267195  -1.4960833  -1.2518463  -1.530442   -1.1289753  -0.8830581
 -1.3668091  -1.2093916  -1.3506536  -1.1784971  -1.810317   -1.6973306
 -1.8273984  -1.7808933  -1.2881638  -1.3986416  -1.0875404  -1.1458248
 -1.204832   -1.6629087  -1.4718992  -1.6671615  -1.055078   -1.2080472
 -1.60407    -1.3635328  -1.4441961  -1.4110844  -0.9696181  -1.4401504
 -1.324141   -1.4850476  -1.3694103  -1.4558222  -1.3399117  -1.2817413
 -1.3667219  -1.6493918  -1.6782902  -1.6746706  -1.2766383  -1.0623767
 -1.3186855  -1.5623206  -1.5372967  -1.3169646  -1.3088566  -1.2787148
 -1.4236165  -1.087305   -1.1190896  -1.3690164  -1.2622979  -1.1777298
 -1.7058793  -1.8269292  -1.4954358  -1.3867548  -1.427212   -1.5871893
 -1.2077694  -1.1876514  -1.3749051  -1.4847112  -1.4022555  -1.5907632
 -1.3018988  -1.5098289  -1.4831969  -1.1573071  -1.5033629  -1.2752959
 -1.1812879  -1.6826833  -1.2201881  -1.185713   -1.6055216  -1.4072326
 -1.3361157  -1.8087934  -1.491564   -1.328047   -1.7515689  -1.2876465
 -1.5328813  -1.2628336  -1.3867308  -1.4686297  -1.519845   -1.2524393
 -1.1390213  -1.4791259  -1.3248216  -1.769804   -1.6864841  -1.3078468
 -1.3876536  -1.3796799  -1.3448108  -1.3244008  -1.0472955  -1.3105433
 -1.2070223  -1.370469   -1.2700574  -1.1502236  -1.3394924  -1.3502617
 -1.2499604  -1.1261245  -1.3720564  -1.5120274  -1.3125067  -1.5314345
 -1.403926   -1.3092947  -1.6840745  -1.4101801  -1.4077481  -1.3006722
 -1.5161759  -1.4290311  -1.2524756  -1.4818872  -1.2140594  -1.1188899
 -1.6671586  -1.289104   -0.8860886  -1.4885228  -1.3370388  -1.414558
 -1.3456695  -1.5142778  -1.3255333  -1.4934654  -1.2331269  -0.9222444
 -1.2496194  -1.1346676  -1.3468128  -1.2188984  -1.0814636  -1.1209995
 -1.3701324  -1.0532612  -1.0949922  -1.2116882  -0.9726916  -1.1964414
 -1.1695565  -1.5488161  -1.2329435  -1.5614938  -1.5758175  -1.0638684
 -1.2784264  -0.92442435 -1.0984119  -1.1717111  -0.9886477  -1.2249866
 -1.182334   -1.4093182  -1.2488339  -1.2611594  -1.0304146  -0.99914676
 -1.1642424  -1.0243237  -1.301522   -1.5057919  -1.0122793  -1.5509411
 -1.1537025  -1.2936568  -1.1452423  -1.1895608  -1.6824878  -0.5931839
 -1.2925501  -1.1770403  -1.2845027  -1.6958097  -1.0912181  -1.3874403
 -1.0596662  -1.4597147  -1.1496084  -1.421211   -1.266365   -1.3741212
 -1.185632   -1.3779149  -1.2776144  -1.3008341  -0.9505107  -1.6357672
 -1.4311124  -1.2978075  -1.1318752  -1.4131297  -1.389713   -1.40942
 -1.3624194  -1.4334937  -1.1677481  -1.4571483  -1.2152255  -1.6148596
 -1.1820351  -1.1044825  -1.3975096  -1.522359   -1.6547273  -1.3886448
 -1.3764938  -1.1384785  -0.95581424 -1.1988204  -1.075856   -1.2840822
 -1.5483994  -1.165195   -0.98865706 -1.0614278  -1.3366046  -1.1121064
 -1.2206     -1.2684609  -1.2573248  -1.0490278  -1.3792439  -1.3643001
 -1.2758857  -1.2448187  -1.2527695  -1.3182188  -1.2166708  -1.4488372
 -1.093561   -1.4383357  -1.364942   -1.2406883  -1.1065043  -1.4338343
 -0.9532642  -1.54035    -1.2515955  -1.3315167  -1.5265836  -1.4180486
 -1.1675309  -1.2237656  -1.1337025  -1.2476289  -1.0109513  -1.3844116
 -1.036926   -1.5291047  -1.2824093  -1.3886777  -0.96513456 -1.0992377
 -1.1477753  -1.2994794  -1.2084904  -1.2890053  -1.3416576  -1.2970569
 -0.96911186 -1.1725421  -0.7245657  -1.1886673  -1.1268784  -1.3120577
 -1.2024374  -1.1931052  -1.2765195  -1.0297145  -1.3024586  -1.3625661
 -1.1900232  -1.5334538  -1.3463174  -1.3307439  -1.2435058  -1.1330631
 -1.1868887  -1.5115023  -1.3245776  -1.2588564  -1.0866835  -1.1953752
 -1.0698777  -1.2877173  -1.4480842  -1.093385   -1.2694026  -1.3228164
 -1.1330438  -0.925641   -1.6852933  -1.1859782  -1.3817017  -1.1515127
 -1.2031381  -1.1956885  -1.2147665  -0.9985525  -1.0120274  -1.1967602
 -1.0562973  -1.2242088  -1.0797212  -1.3234978  -1.2334964  -1.1578727
 -1.2586632  -1.3656168  -0.80248433 -1.2954336  -1.444636   -1.3936559
 -1.2434666  -1.3736843  -0.9536705  -1.3926564  -1.5625564  -1.5132585
 -1.315896   -1.2804682  -0.9405176  -1.1846589  -1.0480008  -1.5787841
 -1.1547604  -1.3174994  -1.3537971  -1.3136855  -1.7688848  -1.4685812
 -1.2636911  -1.5177195  -1.1783261  -1.5787915  -1.2063516  -1.032335
 -1.44268    -1.1504066  -1.309285   -1.4075341  -1.3463082  -1.4605067
 -1.5210952  -1.3599987  -1.2282614  -1.290317   -1.4807642  -1.1546817
 -1.2420264  -1.4527771  -1.4696113  -1.1961114  -1.3697594  -1.6191841
 -1.1047655  -1.4514432  -1.2430428  -1.372034   -1.6904237  -1.415497
 -1.2857375  -1.168839   -1.7239306  -1.0205108  -1.1276332  -1.1934564
 -1.140485   -1.4396602  -1.5712806  -1.2163903  -1.8570247  -1.6807977
 -1.6677463  -2.0638354  -2.08499    -1.9417177  -2.1859667  -2.0030951
 -1.8301864  -1.6522979  -1.6821156  -1.4686964  -2.0192366  -2.0439212
 -1.790918   -1.865531   -1.6593059  -2.0829403  -1.5727991  -1.843939
 -1.8784499  -1.4028579  -1.7419854  -1.4985973  -1.35504    -1.6827809
 -1.7914457  -1.7118905  -1.5038236  -1.2454057  -1.3574097  -1.6617597
 -1.9404713  -1.4098057  -1.6040812  -1.3885088  -1.6823509  -1.5651053
 -1.5577998  -1.3515642  -1.6558708  -1.8132261  -1.5606474  -1.462205
 -1.4488306  -1.535936   -1.4859211  -1.6307344  -1.3359283  -1.567112
 -1.7062188  -2.0197937  -1.3536224  -1.2398612  -1.5930014  -1.3238372
 -1.3409137  -1.4672123  -1.3227088  -1.7078699  -1.4366226  -1.6050066
 -1.4547218  -1.1827635  -1.7955997  -1.5106741  -1.4754803  -1.2342668
 -1.8203075  -1.6957654  -1.5013145  -1.3689549  -1.4604934  -1.1815941
 -1.3186277  -1.6727674  -1.7000593  -1.4510331  -1.5453949  -1.3071618
 -1.4617959  -1.7387322  -1.5986097  -1.5907861  -1.6877106  -1.622396
 -1.4698733  -1.4813762  -1.923987   -1.4203951  -1.6459781  -1.319413
 -1.3268647  -1.0762172  -1.6164144  -1.764922   -1.6736048  -1.9035021
 -1.6356887  -1.9556795  -1.4769796  -1.5783778  -1.5388898  -1.5941478
 -1.5392393  -1.4422829  -1.6104323  -1.4359481  -1.2985476  -1.5452474
 -1.4054322  -1.4609221  -1.3749322  -1.4140522  -1.3915287  -1.3385742
 -1.6806889  -1.4594494  -1.2390282  -1.2827731  -1.5464203  -1.327559
 -1.0898017  -1.5977128  -1.1359713  -1.341009   -1.6997929  -1.0544894
 -1.4961002  -1.659538   -0.9289928  -1.5706927  -1.2443995  -1.6012224
 -1.7006562  -2.008995   -1.6313311  -1.8089689  -1.4484886  -1.7270068
 -1.3059623  -1.3767211  -1.2846793  -1.8229395  -1.6319255  -1.3636057
 -1.0593503  -1.7268736  -1.6183014  -1.8444719  -1.7848083  -1.2308614
 -1.6268497  -2.0476863  -1.7324201  -1.41341    -1.7346035  -2.0271223
 -1.634224   -1.8286562  -1.4069827  -1.7155207  -1.2846872  -1.3415596
 -1.4510641  -1.6250354 ]
