[ 1.68658853e+00  2.39114928e+00  1.93558395e+00  1.95161796e+00
  2.25121188e+00  2.54179215e+00  2.57188702e+00  2.61934423e+00
  2.54973197e+00  2.09887791e+00  2.60537028e+00  2.65657377e+00
  2.76639175e+00  2.82627773e+00  2.53762960e+00  2.38153315e+00
  6.97078928e-02  7.51580968e-02  1.44786565e-02  5.31169653e-01
  9.92236212e-02 -2.72357762e-01  1.25319093e-01 -1.55060858e-01
 -1.03830680e-01  1.24099322e-01 -1.19766518e-01 -5.74483514e-01
  3.45517516e-01  3.48417312e-01  4.96374667e-01  8.02256465e-01
  3.08018506e-01  1.09946817e-01  4.37381081e-02  6.26704469e-02
  2.17154697e-01  5.79756200e-01  2.75574899e+00  2.50794220e+00
  3.00337529e+00  2.72403193e+00  3.04251027e+00  2.69309592e+00
  1.94766700e+00  2.20401478e+00  2.52672362e+00  2.22857332e+00
  1.87126470e+00  2.78650093e+00  2.21954989e+00  2.44709635e+00
  2.46757245e+00  1.88679969e+00  1.79982936e+00  2.46590233e+00
  2.60703659e+00  2.18748498e+00  2.32845783e+00  2.42690778e+00
  2.73610210e+00 -2.95933652e+00 -2.91157293e+00 -3.02736592e+00
  2.74241734e+00  3.06790090e+00  2.94159865e+00  3.10557747e+00
  2.83806515e+00  2.86203361e+00  2.43284583e+00 -3.09584570e+00
  2.68698359e+00  2.79784584e+00  2.74475741e+00  2.68514395e+00
  3.09773326e+00  2.89343643e+00  2.78930974e+00 -3.06388998e+00
  2.91494727e+00  2.92847753e+00  2.93278790e+00  2.86940718e+00
  2.76851559e+00 -3.10886312e+00  2.94724751e+00 -3.11041880e+00
 -3.10618067e+00 -3.01479602e+00  2.98209143e+00  2.68921280e+00
  3.03797913e+00  2.66289067e+00  2.81665993e+00  2.73284364e+00
  2.90003085e+00  2.48769879e+00  2.66290951e+00  2.61396217e+00
  2.88956594e+00  2.50626230e+00  2.92370653e+00 -3.00801802e+00
  3.13362932e+00  2.83507872e+00  3.04638052e+00  2.96807837e+00
 -3.11175632e+00  2.84734225e+00  2.84410739e+00  2.70199990e+00
 -2.92482823e-01 -6.49571359e-01 -5.01139700e-01 -3.54545861e-02
 -3.64243329e-01 -3.89029175e-01  8.06741640e-02 -9.64498743e-02
 -9.19977427e-02 -3.77508514e-02 -3.24843675e-01 -1.47188352e-02
 -1.53658122e-01 -1.92585051e-01 -7.25208521e-02 -7.87984207e-02
 -4.14136291e-01  1.96525473e-02 -2.54265904e-01 -2.37024486e-01
 -1.54011518e-01 -3.16010922e-01 -4.08110619e-01 -1.13204896e-01
 -1.07526965e-01  6.13290556e-02 -1.14497483e-01 -3.47491562e-01
  7.71223977e-02 -3.10040385e-01 -2.37215802e-01 -1.41643524e-01
 -2.51358807e-01 -4.17794175e-02  7.27384686e-02 -2.27071121e-01
 -2.06444785e-01 -5.66105358e-02 -2.70070702e-01  1.25064969e-01
 -7.30099529e-02 -3.97633165e-01  1.04169361e-01 -1.98902860e-01
  1.54710814e-01  7.34454766e-02 -1.76296413e-01  1.92069560e-01
 -7.08222538e-02  2.23885044e-01  3.97103243e-02 -3.45710844e-01
 -5.62750511e-02 -1.13398768e-02  8.37801397e-02 -3.66393685e-01
 -1.39020026e-01  1.75699621e-01 -3.19220036e-01 -1.17031150e-01
  1.04563776e-02  1.02202855e-01  1.35415718e-01 -2.21027136e-01
 -3.78300637e-01 -3.01648796e-01 -1.28272370e-01 -4.45430487e-01
 -1.65669993e-01 -3.83560628e-01 -6.36399090e-01 -2.01145992e-01
 -2.51642466e-01 -4.17795837e-01 -5.26439905e-01 -6.57608092e-01
 -7.09838867e-01 -4.61269319e-01 -3.73032928e-01 -5.16632617e-01
 -7.18126893e-02 -2.55043536e-01  5.87671390e-03  7.46282376e-03
 -2.21459642e-01 -7.84611180e-02 -2.84970582e-01  7.82844648e-02
  6.44967109e-02 -7.38773867e-02 -5.55303335e-01 -1.70513526e-01
  7.88843185e-02 -3.67693976e-02 -1.32246748e-01 -3.90182763e-01
 -3.99247915e-01 -2.63926685e-01  6.15626536e-02  3.01867705e-02
 -1.51194066e-01 -1.54510811e-02 -2.26206869e-01 -1.87697962e-01
  4.50281128e-02 -3.14096153e-01 -2.50396103e-01 -2.69153029e-01
 -1.87243655e-01  5.76436035e-02 -1.56560853e-01 -6.33567691e-01
  2.22133368e-01 -5.21911740e-01  1.81359589e-01  1.08045660e-01
 -1.48915157e-01  5.98054118e-02  2.45238096e-02 -1.85413688e-01
 -1.44019097e-01  1.41770080e-01 -7.68548995e-02 -8.55273008e-02
 -3.44792426e-01 -1.31269827e-01  9.87660140e-02 -1.01651497e-01
 -1.89218875e-02 -2.53307641e-01  2.55870130e-02 -2.64614690e-02
 -1.03153534e-01 -6.50216341e-01 -6.17418289e-01 -1.30148977e-01
  1.80341065e-01  1.52579829e-01 -4.64857817e-02 -3.40930998e-01
  1.90068409e-01 -3.96623105e-01 -1.91096038e-01 -2.51864374e-01
 -1.10517845e-01 -1.08377784e-01 -2.99754024e-01  1.52603999e-01
 -2.12764248e-01  8.89328569e-02  2.86106803e-02 -2.43693024e-01
 -4.27544326e-01 -8.64022896e-02 -2.44835597e-02 -1.89718887e-01
 -3.63989890e-01 -4.88786846e-02 -3.03303361e-01 -1.12757988e-01
 -3.84410739e-01 -3.39490563e-01 -3.69034886e-01 -5.78786284e-02
 -1.43918067e-01 -6.72444701e-02 -1.09946959e-01 -1.09029904e-01
 -2.09475771e-01 -2.58914649e-01 -2.78877970e-02  5.00386916e-02
 -1.02294497e-01 -1.97872877e-01 -6.58910945e-02  1.17968313e-01
 -1.52550936e-01 -2.03450248e-01 -1.63922340e-01 -2.45099723e-01
 -2.31187612e-01 -2.20067576e-01 -3.55002970e-01 -8.59428197e-02
 -9.98302773e-02 -2.12799236e-01 -1.55487925e-01 -1.44437507e-01
 -3.40717286e-02 -1.52094796e-01 -2.66029745e-01 -2.03551263e-01
  1.14058688e-01 -1.85707316e-01 -2.12284043e-01 -1.04279332e-01
  1.47429556e-01 -4.05447930e-02  5.86595535e-02 -2.73014426e-01
 -1.10006399e-01 -3.84245694e-01 -1.35716990e-01  7.88080022e-02
  4.01563421e-02 -1.25913052e-02 -1.75051630e-01  5.39237708e-02
 -3.72249365e-01 -2.58517504e-01 -2.17874944e-01 -2.71372739e-02
 -1.16978139e-01 -3.65804374e-01 -4.58339453e-01 -1.36195406e-01
  8.12906325e-02 -1.43587276e-01 -9.43747237e-02 -7.88435861e-02
 -5.09417728e-02 -2.01987445e-01 -7.02060536e-02 -1.65154710e-01
 -1.17604114e-01 -1.17028981e-01 -1.55660361e-01 -4.78758663e-01
 -1.58120051e-01 -1.72027871e-01 -1.99857801e-01  1.40868098e-01
  1.35462508e-01 -2.19063461e-01 -1.19432166e-01  5.92319779e-02
  1.16263263e-01  8.67381692e-02 -1.98303506e-01 -1.48885295e-01
 -2.44875923e-01 -1.60652325e-02 -4.54164483e-02  3.83975706e-03
 -2.45064534e-02  3.94811407e-02 -4.65501146e-03 -1.33380607e-01
 -2.11747304e-01 -2.03845859e-01 -1.27487436e-01 -2.95533895e-01
 -3.24717611e-02 -4.73262787e-01 -2.23714396e-01 -2.52834111e-01
 -1.27412662e-01  8.85329023e-02  7.73408310e-03 -1.03862725e-01
 -2.13696137e-01 -1.08943813e-01  9.70837995e-02 -3.94445881e-02
 -2.47484997e-01 -2.43868783e-01 -3.93138193e-02 -3.46665412e-01
 -2.17482954e-01 -2.29169473e-01  2.44638070e-01 -1.11820184e-01
 -2.50471801e-01 -2.66251117e-01 -4.73295838e-01 -1.27549935e-02
 -2.22243905e-01  3.33431572e-01 -9.65541899e-02 -3.21831018e-01
 -3.40628684e-01 -3.16313952e-01 -2.43365929e-01 -1.11625649e-01
  1.76118851e-01 -2.36559138e-01 -3.90013531e-02 -1.82007745e-01
 -2.55240232e-01 -4.02021743e-02 -2.76001722e-01 -3.69478673e-01
  3.19138579e-02  5.01028448e-03 -4.30410951e-01 -2.37122446e-01
 -9.32419449e-02 -1.88194633e-01 -1.07926026e-01  6.68871626e-02
 -1.49755031e-01  7.73322731e-02 -1.65950909e-01 -1.90691471e-01
 -2.33412698e-01 -2.42589876e-01 -2.22744092e-01 -2.08215028e-01
 -3.42692614e-01 -2.79614273e-02 -2.01217502e-01 -1.62258998e-01
 -1.21787019e-01 -9.03984606e-02 -3.37646306e-01  8.15416798e-02
 -6.46333769e-02 -1.76536426e-01 -3.57430995e-01 -3.82968247e-01
 -4.28266525e-01 -3.41256171e-01 -2.70516932e-01 -3.09793234e-01
 -3.82546365e-01 -3.88316423e-01 -3.71524900e-01 -5.48281014e-01
 -2.62807041e-01 -3.28242689e-01 -2.56405145e-01 -1.32667765e-01
 -2.53503025e-01 -3.81240658e-02 -2.64038116e-01 -3.48328322e-01
 -2.16776267e-01 -2.56951988e-01 -2.55004913e-01 -1.66030601e-01
 -2.25497276e-01 -1.28398091e-01 -8.87114778e-02 -2.71662086e-01
 -3.35909247e-01 -1.29829586e-01 -1.02276012e-01 -1.85802609e-01
 -8.02570805e-02  2.06380486e-02  5.40997274e-02 -3.07568818e-01
 -5.98745272e-02 -4.39869046e-01  1.64966524e-01 -1.33147508e-01
 -2.40235865e-01 -3.07109505e-01 -1.78328097e-01 -2.32445687e-01
 -2.05566704e-01 -1.50008202e-01 -1.75690413e-01 -2.37788439e-01
 -1.25983939e-01 -8.50361027e-03 -9.98792723e-02 -1.77660748e-01
  1.64083943e-01 -1.33015886e-01  2.70608217e-02  1.25887215e-01
 -2.57658869e-01 -2.04139739e-01 -2.33532768e-02 -5.19475460e-01
 -1.61175027e-01 -1.47488490e-01 -1.06983684e-01 -2.64235497e-01
 -3.00782651e-01 -3.38933825e-01 -2.17245966e-01 -2.99161851e-01
 -2.15818256e-01 -1.32500693e-01 -1.61222830e-01 -1.96118623e-01
 -2.17709228e-01 -2.33067080e-01 -2.40646169e-01 -1.39699176e-01
 -1.63082361e-01 -4.77823496e-01 -4.01485473e-01 -3.98952007e-01
 -5.26550889e-01 -2.51646072e-01 -8.69220942e-02 -8.27784277e-03
 -8.75977948e-02 -2.39951923e-01 -3.63867819e-01 -2.83748120e-01
 -3.99247169e-01 -2.62015820e-01 -5.69440350e-02 -4.90077108e-01
 -1.94888324e-01  1.11644529e-01 -5.83541453e-01 -7.65400648e-01
 -1.67069361e-01 -4.09821063e-01 -3.96056980e-01 -3.73367280e-01
 -1.84305847e-01 -1.67717636e-01 -2.11967021e-01 -1.12462722e-01
 -6.16463244e-01 -4.02214110e-01 -1.68171108e-01 -5.35471201e-01
 -3.24966103e-01 -4.90085095e-01  8.71010199e-02 -2.11295441e-01
 -5.47065079e-01 -9.37038288e-02 -5.57695888e-02 -6.41365647e-01
 -4.82517749e-01 -3.60227406e-01 -3.98022592e-01 -3.71121556e-01
 -9.19169486e-02 -4.18474883e-01 -4.56976503e-01 -6.00679576e-01
 -7.41976678e-01 -1.13319814e-01 -3.03904355e-01 -3.24530840e-01
 -5.64583302e-01 -1.31356359e-01 -5.07165566e-02 -5.07912040e-01
 -1.01223528e-01 -3.44942212e-01 -3.08657855e-01 -1.34797946e-01
 -2.25738615e-01  1.03266701e-01 -1.32424712e-01 -2.14226216e-01
 -1.93962157e-01 -3.98363965e-03 -2.38231823e-01 -1.11186549e-01
  1.36516973e-01 -2.02756692e-02 -3.96657735e-01 -7.51076221e-01
 -6.60864651e-01 -6.11176014e-01 -2.25435466e-01 -6.58416152e-01
 -4.11893547e-01 -6.06549799e-01 -3.82301807e-01 -4.05498415e-01
 -3.59596193e-01 -7.96449840e-01 -5.97512245e-01 -3.81959021e-01
 -5.67598522e-01 -3.12559217e-01 -1.06347017e-01 -2.27534488e-01
 -1.33910164e-01 -2.96583891e-01 -6.14477992e-01 -3.45419317e-01
 -7.69013524e-01 -3.65178287e-01 -5.36413431e-01 -4.93304104e-01
 -5.20002127e-01 -8.21499884e-01 -6.22183681e-01 -6.25301421e-01
 -6.46896601e-01 -5.98469496e-01 -3.11068654e-01 -1.50726125e-01
 -2.38483503e-01 -2.61372447e-01 -2.74918944e-01 -5.57913005e-01
 -5.30898631e-01 -5.09946883e-01 -2.74635792e-01 -7.12213814e-02
  6.67687953e-02 -5.61587065e-02 -3.13727707e-02 -9.45795923e-02
 -2.32445911e-01 -3.10136706e-01 -3.73249561e-01 -1.89475223e-01
 -2.68783748e-01 -1.03183009e-01 -3.24129373e-01 -4.70880896e-01
 -2.94871986e-01 -2.79684752e-01 -4.59322155e-01 -2.54697710e-01
 -3.45014781e-01 -5.89592278e-01 -6.08557045e-01 -6.42026365e-01
 -6.15945756e-01 -5.23115218e-01 -5.14377117e-01 -3.87356579e-01
 -5.30609846e-01 -6.45865202e-01 -1.57447726e-01 -9.17186514e-02
 -2.78209865e-01 -8.44041109e-01 -2.52878726e-01 -3.62794101e-01
 -1.94928631e-01 -4.15263653e-01 -2.66004741e-01 -3.47760081e-01
 -3.35728377e-01 -5.04319966e-01 -3.56055498e-01 -4.64406729e-01
 -4.52683479e-01 -4.14506160e-02 -4.78671610e-01 -4.37379509e-01
 -5.39434552e-01 -2.28926390e-01 -5.04903913e-01 -3.26108187e-01
 -4.82698292e-01 -4.19202596e-01 -5.44147789e-01 -3.22585970e-01
 -1.04647376e-01 -3.35650891e-01 -3.93636197e-01 -3.80722880e-01
 -2.44825050e-01 -7.30321527e-01 -5.13692558e-01 -4.17081743e-01
 -5.51136851e-01 -4.99180526e-01 -6.41675711e-01 -6.88625813e-01
 -6.38508677e-01 -4.62241232e-01 -5.81771791e-01 -4.10028279e-01
 -1.68632001e-01 -8.88248235e-02 -5.48880816e-01 -5.14326215e-01
 -4.03792083e-01 -2.65619159e-01 -5.64591587e-01 -1.95377424e-01
 -2.73891836e-01 -6.03028685e-02 -5.76355934e-01 -6.27345145e-01
 -4.18420821e-01 -5.81558645e-01 -5.92407584e-01 -2.42810264e-01
 -2.41127476e-01 -4.97325182e-01 -7.19561934e-01 -6.88431203e-01
 -8.71177197e-01 -5.31683981e-01 -2.89136052e-01 -5.38283765e-01
 -2.99650103e-01 -5.68156838e-01 -3.00725758e-01 -3.58334571e-01
 -1.08704954e-01 -4.96614039e-01 -6.08091056e-01 -4.60134029e-01
 -2.95525908e-01 -1.07079566e-01 -2.34536812e-01 -3.58986109e-01
 -4.59887356e-01 -6.07772283e-02 -6.29590973e-02 -2.13385656e-01
 -1.60481706e-01 -4.50838596e-01 -4.98143405e-01 -4.95309263e-01
 -4.74486977e-01 -4.27067131e-01 -1.40523255e-01 -9.48671624e-02
 -1.99850455e-01 -5.44355452e-01 -1.48874268e-01 -1.36058256e-01
 -4.12189066e-02 -6.52078032e-01 -2.35733688e-01 -3.85735124e-01
 -1.26577601e-01 -2.88952082e-01 -2.51936764e-01 -1.65688857e-01
 -2.45576978e-01 -2.11729612e-02 -2.24952877e-01 -7.15931952e-02
 -4.35430110e-01 -5.57567239e-01 -1.00085974e-01 -4.29468095e-01
 -2.26878583e-01 -4.48991805e-01 -2.34911919e-01 -1.77665219e-01
 -2.50105172e-01 -1.92818597e-01 -2.85709798e-01 -1.21527947e-01
 -9.77428723e-03 -3.72540206e-01 -2.41913840e-01 -2.11823344e-01
 -2.18462542e-01 -1.55917808e-01 -3.09104353e-01 -2.92896062e-01
 -2.13761047e-01 -1.70796320e-01 -1.42352000e-01 -3.04662257e-01
 -1.18840642e-01  1.57843634e-01  1.21289618e-01 -1.04153611e-01
 -1.09332412e-01 -2.71311283e-01 -2.88077056e-01 -2.28751153e-01
 -5.27210653e-01 -2.70140558e-01 -2.37011358e-01 -2.56011486e-01
 -2.54214674e-01 -1.75483048e-01 -1.45388544e-01 -1.24327160e-01
 -5.71109653e-01 -5.56278646e-01 -4.75860775e-01 -4.36454475e-01
 -4.05961007e-01  8.01981613e-03 -3.90240103e-01 -1.63945779e-01
 -4.36378568e-01 -4.97253329e-01 -1.57480627e-01 -4.76194620e-01
 -4.18749869e-01 -1.08209565e-01 -4.12800312e-01 -2.11327106e-01
 -3.49275172e-01 -4.47606057e-01 -2.39577189e-01 -2.61147380e-01
 -4.82140809e-01 -3.43226612e-01 -1.03491291e-01 -1.13921881e-01
 -3.60733241e-01 -2.30311483e-01 -3.69682431e-01 -4.01699096e-01
 -2.00919688e-01 -2.33063444e-01 -4.38925505e-01 -4.34285223e-01
 -7.74091557e-02 -1.78985387e-01 -4.84836280e-01 -1.24726176e-01
 -2.83397704e-01 -3.54866177e-01 -4.95476909e-02 -2.82243192e-01
 -1.15202278e-01  1.03968680e-01  5.18920422e-02 -2.48240251e-02
  7.44462386e-02 -2.70456076e-01 -4.34273094e-01 -6.55644774e-01
 -3.39639515e-01 -4.37623501e-01 -1.31294280e-01 -2.45027840e-01
 -1.05974853e-01 -3.48904401e-01 -1.72051251e-01 -1.61749676e-01
 -2.18156978e-01 -3.93247813e-01 -1.92310125e-01 -3.80570233e-01
 -3.36032629e-01 -1.81573063e-01 -3.08496386e-01 -4.21103328e-01
 -1.44796640e-01 -1.19378045e-01 -4.49675918e-01 -9.06039238e-01
 -5.37007570e-01 -2.71099120e-01 -2.69697517e-01  7.55324438e-02
 -3.64835888e-01  1.66068435e-01 -4.51099306e-01 -3.64948452e-01
 -4.85325754e-01 -5.68888843e-01 -2.94025570e-01 -5.13203740e-01
  2.61631608e-01  1.66316375e-01 -1.12030819e-01 -2.39092052e-01
 -1.90331966e-01 -2.26584136e-01  2.03777924e-02 -1.15404718e-01
 -5.59368692e-02 -2.38727972e-01  2.94347256e-01  8.52596089e-02
 -2.52764523e-01 -3.11861098e-01 -2.17429996e-01 -1.52950525e-01
 -1.12563744e-01  1.95256904e-01  1.06868997e-01 -2.12741017e-01
  1.39955804e-01 -6.41463101e-02 -2.62352377e-02  3.27039659e-01
  3.50839555e-01  1.85124278e-01 -2.96076357e-01  4.43028927e-01
 -2.96277195e-01 -3.45460117e-01  1.07300974e-01  2.64428973e-01
 -2.41411448e-01  6.37034476e-02  2.71761954e-01 -3.12743217e-01
  6.05111644e-02 -6.58479691e-01 -6.11525849e-02  1.06860802e-01
  2.16878161e-01 -3.36593211e-01  3.04432213e-01 -1.87041417e-01
  2.28408396e-01 -2.75270879e-01 -1.51531501e-02  1.74809411e-01
  3.48315895e-01  4.37765002e-01  3.35414201e-01  4.37004745e-01
 -2.22129524e-01  5.38222432e-01  2.17564330e-01 -4.03304487e-01
 -2.12000117e-01 -1.82241231e-01  5.17097533e-01  2.04004154e-01
 -4.70787473e-02 -2.18354747e-01  1.92816436e-01  2.10646123e-01
 -8.54395702e-02 -2.61105970e-02  4.13269013e-01 -1.26005232e-01
  2.17413396e-01  1.03313185e-01 -1.34414136e-01 -2.64403582e-01
  2.24918544e-01  7.65447989e-02 -7.62418687e-01  1.98387057e-01
  3.01319193e-02 -1.59634292e-01 -3.05051923e-01 -3.47171068e-01
 -1.36419684e-01 -3.51130754e-01  1.02718994e-01  3.31812918e-01
  7.20619112e-02  7.72697851e-02 -5.53848743e-01 -1.30282715e-01
  2.07718760e-01 -8.05282354e-01 -3.12217295e-01  3.19341749e-01
 -4.79080737e-01 -4.48739678e-01  1.15893230e-01 -1.76486388e-01
 -3.11948001e-01 -6.65951595e-02 -1.45410046e-01 -1.82908982e-01
 -6.93188384e-02  5.01917005e-02 -1.65593401e-01 -3.18516731e-01
 -3.52325708e-01 -2.25976050e-01 -1.14228286e-01 -1.61834538e-01
 -2.87144840e-01 -2.62273520e-01 -6.81453869e-02 -1.31678348e-02
  1.84192695e-02 -3.30325216e-01 -5.97252250e-01 -8.74170437e-02
  1.45577222e-01  3.63958208e-03 -4.18421887e-02 -2.39481002e-01
 -9.59144607e-02 -3.81319076e-02 -3.10230881e-01  2.15336382e-01
 -2.14318201e-01  3.04679945e-02 -1.43689349e-01 -1.80205986e-01
  1.25826806e-01  2.72648092e-02 -3.35516751e-01 -1.73165709e-01
 -1.66364104e-01 -1.82811022e-01 -1.92912593e-01 -2.77207851e-01
 -9.08098593e-02 -1.11924015e-01 -2.63121694e-01 -2.64937162e-01
  4.20945212e-02 -7.86949694e-02  2.31537655e-01  4.42305207e-02
 -3.04733038e-01 -4.05369014e-01 -5.82303777e-02 -5.75752519e-02
  3.58095855e-01 -1.34064794e-01 -1.00320103e-02 -8.31632391e-02
 -9.31708515e-02 -1.94154829e-01  7.21305460e-02 -1.23655498e-01
 -1.32288605e-01 -4.18655604e-01 -8.16008672e-02 -1.93511471e-02
 -9.22484398e-02 -1.36201605e-01  1.19619705e-01 -7.69776851e-02
 -2.30000377e-01 -2.62959480e-01 -1.12758510e-01  1.29085764e-01
 -2.09599689e-01 -1.33765027e-01  2.82468408e-01 -2.01101243e-01
  2.92778820e-01 -1.90461561e-01 -2.20758364e-01 -2.51304328e-01
 -1.35758370e-01 -5.64003289e-01 -1.71985969e-01 -4.59873676e-01
 -3.87038261e-01 -2.99580842e-01 -3.52003634e-01 -1.59475446e-01
 -5.30329823e-01 -6.25751093e-02 -9.04759392e-02 -2.39980012e-01
  6.65632114e-02  2.75629573e-02 -1.09238684e-01  3.67995128e-02
 -1.06517978e-01 -3.51433575e-01 -2.32458830e-01 -1.82087883e-01
  4.05303854e-03  2.21001551e-01 -2.60417253e-01 -3.74307424e-01
 -4.84861806e-02  1.50379956e-01 -2.83322215e-01 -2.97070324e-01
 -1.96653381e-01 -2.86939979e-01 -2.35167027e-01 -4.96162102e-02
 -2.10276619e-01  5.58151444e-03  6.94777071e-02  1.18963756e-02
 -8.32397118e-02 -7.30883181e-02 -5.04140705e-02 -2.91927367e-01
 -2.00493932e-01 -1.91505939e-01 -2.42689162e-01 -6.26505911e-02
 -1.37030736e-01 -3.89626145e-01 -1.48706108e-01 -3.23564440e-01
 -1.63500816e-01  1.31843626e-01 -1.70388505e-01 -2.43469238e-01
 -6.52321503e-02 -1.76768880e-02 -9.02719274e-02  5.14090769e-02
 -2.32967496e-01 -8.88301656e-02 -2.00779036e-01 -1.70218006e-01
 -1.94131315e-01 -1.74740300e-01 -6.59855902e-02 -1.31782353e-01
 -8.01908374e-02 -2.08122805e-01 -2.32495770e-01 -5.50157391e-02
 -4.44336236e-01 -9.75352749e-02 -2.98883244e-02 -2.95820892e-01
 -2.18707651e-01 -3.52837473e-01 -2.38909319e-01 -3.82346720e-01
 -3.82354975e-01 -9.00077149e-02 -4.14498091e-01 -1.58874482e-01
 -8.77292529e-02 -6.37564361e-02 -2.93091595e-01 -2.24837124e-01
 -3.13010126e-01 -1.26480281e-01 -3.12757969e-01 -1.13948032e-01
 -3.18482012e-01  1.05843365e-01  7.06602335e-02 -9.93921086e-02
 -9.49777756e-03 -3.38519752e-01 -2.60877103e-01  7.93894157e-02
 -3.86183172e-01 -2.26884127e-01 -3.01148027e-01 -1.97685897e-01
 -2.82147288e-01 -1.84633434e-01 -1.64301276e-01 -2.91896313e-01
 -1.82133511e-01 -1.57615572e-01  2.15640008e-01  9.25076753e-03
 -6.80453107e-02 -2.11261541e-01 -1.70880213e-01 -1.93354428e-01
 -9.90012884e-02 -2.49800637e-01 -1.68437466e-01 -2.69944489e-01
 -4.47258912e-02 -3.29720318e-01 -1.50203705e-01 -6.88302442e-02
 -1.82360951e-02 -1.96835756e-01 -7.69570917e-02 -1.23518342e-02
 -9.83831286e-02 -3.62847179e-01 -2.95168906e-01 -6.91775652e-03
 -1.27762511e-01 -1.64558351e-01 -1.92180350e-01  6.42032474e-02
 -1.39865071e-01  1.19865522e-01  1.19290808e-02  1.38247550e-01
 -4.28195335e-02 -2.07354978e-01 -1.07813232e-01 -2.25604922e-01
 -1.52886435e-01 -3.29098821e-01 -7.79389068e-02 -2.02507585e-01
 -1.93785951e-01 -1.85847893e-01 -3.52482311e-02 -2.79721856e-01
 -7.31465966e-02 -3.16130638e-01 -4.24269617e-01 -1.47759393e-01
  1.28094330e-01 -1.14920937e-01  2.53462326e-02 -1.64274052e-01
 -2.84594893e-01  1.96102366e-01 -4.40711588e-01 -1.31543621e-01
 -4.17114310e-02 -3.32474381e-01 -4.99787033e-02  5.90851568e-02
  2.02562567e-02 -8.93832222e-02 -1.23313159e-01  1.23316698e-01
  7.01429248e-02 -1.63959619e-02 -4.17764336e-01 -2.17524946e-01
  4.54035215e-02 -3.35325241e-01 -1.06734419e-02  2.88240500e-02
 -5.16784608e-01 -9.38177779e-02 -1.98268831e-01 -3.66818368e-01
 -2.54865944e-01 -4.42341939e-02 -2.75707364e-01 -1.13308085e-02
 -3.56812216e-02  2.45011393e-02  1.12812310e-01  2.27759346e-01
 -3.55241895e-01 -2.29945183e-02  1.37932107e-01 -1.91708952e-01
 -1.83275297e-01  2.57692903e-01 -2.47487232e-01 -1.42745659e-01
 -1.58426777e-01 -2.30476558e-01 -1.10563941e-01 -1.17929600e-01
 -4.24837500e-01  1.57168042e-02  1.46079540e-01 -4.38890278e-01
 -1.10155597e-01 -4.73014534e-01 -4.10579532e-01  2.19842941e-02
 -3.87751646e-02 -5.09161465e-02  9.54327136e-02 -1.30056605e-01
 -1.97161496e-01 -9.85321850e-02 -7.83476606e-02 -1.71379939e-01
 -1.52878985e-01 -3.98937017e-01 -1.07457340e-01 -3.64396162e-02
 -6.38327003e-02 -3.11092138e-01 -2.78805465e-01 -2.88472265e-01
 -2.27918297e-01 -2.63701081e-01  1.92724243e-01 -2.21332029e-05
 -1.33293971e-01  1.95895992e-02 -4.80314121e-02 -2.93628387e-02
 -1.18124723e-01 -3.27894151e-01  4.10669409e-02 -1.58897981e-01
 -3.72413367e-01 -2.98275471e-01 -6.42652363e-02 -2.50183433e-01
 -3.33481222e-01 -1.55662745e-01 -4.02790792e-02 -6.22068271e-02
 -9.58241597e-02 -2.92278379e-01 -2.72569507e-01 -1.23862058e-01
 -1.58673096e-02 -2.37725765e-01 -3.24456841e-01 -1.58105016e-01
 -1.28340259e-01 -1.77175328e-01 -6.36593848e-02 -1.33874401e-01
 -2.91311383e-01 -9.31335688e-02 -2.91546166e-01 -3.60911012e-01
 -2.36991808e-01  9.49387159e-03 -1.29570097e-01 -1.34221077e-01
 -1.46247298e-01 -1.31533414e-01  3.69485244e-02 -1.57869488e-01
 -9.39258635e-02 -1.40369639e-01 -1.98823184e-01 -5.69707826e-02
 -4.80412394e-02 -5.41965105e-02 -3.96424651e-01 -3.04217488e-01
 -9.07821134e-02 -1.72165185e-01 -9.87536535e-02 -2.98532039e-01
 -7.37731978e-02 -1.22429326e-01 -8.62930641e-02  2.85678674e-02
 -3.98575038e-01 -8.89173448e-02 -1.27226993e-01 -2.39937007e-01
 -4.23549749e-02 -1.89366445e-01 -2.79128671e-01 -3.18184733e-01
 -3.03798854e-01 -4.17173773e-01 -1.27053007e-01 -1.70210108e-01
 -8.80067647e-02 -1.15346678e-01 -1.49671122e-01 -1.23464160e-01
 -2.88208783e-01 -1.07574157e-01 -8.89475793e-02 -1.93897951e-02
 -1.13204541e-03 -1.01807639e-02  2.44640876e-02 -1.50956303e-01
 -7.19964877e-02 -1.18234284e-01 -3.25194210e-01 -2.62137549e-03
 -1.57900065e-01 -1.61392897e-01 -1.36797935e-01 -2.66547829e-01
 -2.99497753e-01 -1.68860912e-01 -1.92135453e-01 -6.30387068e-02
 -2.04601839e-01 -3.70037816e-02 -8.18896145e-02 -1.14674389e-01
 -1.92819417e-01 -2.89132208e-01  1.60668008e-02 -3.95711809e-01
 -2.84897655e-01 -1.43905595e-01 -4.00771230e-01 -3.23835522e-01
 -1.05006441e-01 -1.46138921e-01 -3.03762943e-01 -2.19489589e-01
 -2.83476621e-01 -9.11963433e-02 -2.10700408e-01 -7.74280801e-02
 -7.17720762e-02 -1.02475084e-01 -1.81900218e-01 -7.29830861e-02
 -1.88660711e-01 -1.66565761e-01 -1.75928161e-01 -2.97140926e-01
  3.40841226e-02 -2.18390211e-01 -3.23003620e-01  1.33548096e-01
 -9.35305655e-03 -8.36329460e-02 -5.01994155e-02 -1.84782416e-01
 -3.05149376e-01 -1.21939972e-01 -1.49012744e-01  3.42650479e-03
 -3.21709305e-01 -1.25576407e-01 -1.99702188e-01 -1.30801871e-01
 -6.79535791e-02  2.50485372e-02 -1.96452841e-01 -1.88196972e-01
 -2.47232914e-01 -2.52219960e-02 -1.54447913e-01 -1.31403916e-02
 -1.08441643e-01 -4.49920632e-02  2.73247249e-02 -1.57216877e-01
 -1.04572542e-01  1.51893776e-03  3.89592350e-02 -2.17080787e-02
 -2.13075638e-01 -1.56579778e-01 -2.53856570e-01 -5.35363406e-02
 -2.93538924e-02 -7.28280470e-02 -1.01466894e-01 -6.21709041e-02
 -1.42805994e-01 -1.98804215e-01 -8.28221738e-02  3.99836041e-02
  7.24989101e-02 -8.84061456e-02 -9.57062319e-02 -3.89020145e-02
  1.58511743e-01 -2.67360777e-01 -2.18190297e-01  8.60210508e-02
  1.11258909e-01 -2.87984759e-01 -1.36871576e-01 -8.39086398e-02
 -4.60749380e-02  6.17573150e-02 -7.89271891e-02 -1.92032531e-01
  5.48202619e-02 -1.51351675e-01 -4.25901152e-02 -2.15384647e-01
  1.16381457e-03 -3.65162998e-01  1.02696128e-01 -1.86897218e-01
 -2.30586231e-02  1.17377285e-02  1.99763909e-01  1.10825207e-02
  3.77607681e-02 -1.20717049e-01 -2.15362847e-01  1.79979980e-01
 -2.62638330e-01  2.22461615e-02 -1.25872672e-01  3.64798270e-02
  1.82207331e-01 -6.16798177e-02 -2.54550993e-01 -1.00216225e-01
  5.34596182e-02 -1.86377898e-01 -2.65516847e-01 -1.28782347e-01
 -1.96661666e-01  1.67635143e-01 -1.03362575e-01 -3.12895268e-01
 -1.95723787e-01  7.05176368e-02  3.20401162e-01 -1.19808957e-01
 -2.74915248e-01  1.59926906e-01 -1.52453175e-02  1.52820587e-01
 -3.53057459e-02 -6.96350932e-02 -2.75253057e-01 -3.19176555e-01
 -2.48083565e-02  8.51802081e-02 -1.50118470e-01 -1.88791245e-01
  2.84921139e-01 -9.83100161e-02  3.29907201e-02 -2.66810432e-02
 -8.26867074e-02  5.11980131e-02  6.95605651e-02  2.48232067e-01
 -1.09684952e-01 -4.62248549e-02  1.82784479e-02  3.92318815e-02
 -4.59183194e-02 -2.20573604e-01 -2.13593781e-01  3.01044762e-01
 -3.94150056e-02 -6.15513921e-02 -1.58204541e-01 -1.92428052e-01
  4.08130884e-02 -1.84485480e-01 -9.84627530e-02  2.59026662e-02
 -1.13114059e-01  6.76810816e-02  1.01164304e-01 -1.02137096e-01
 -1.93467721e-01 -2.86469758e-01  5.09073175e-02  1.27014279e-01
  2.58868396e-01 -1.08094729e-01  1.18186258e-01  3.43982801e-02
 -2.10795894e-01 -4.07815754e-01  1.01627270e-03 -2.38673598e-01
 -8.47870409e-02 -3.21894348e-01 -2.07253154e-02 -1.87824611e-02
 -5.41234724e-02 -3.22227061e-01  1.44045234e-01 -1.85876802e-01
  9.04808119e-02 -1.43456913e-03 -6.32890016e-02 -3.40670109e-01
 -7.90932477e-02  3.68868234e-03 -2.14458872e-02 -1.72602892e-01
 -2.73510367e-01 -1.83959842e-01 -1.23056382e-01 -1.44220889e-01
 -2.03469712e-02 -1.10387780e-01  1.38490021e-01 -1.21900484e-01
 -2.31969655e-01 -9.98352244e-02 -6.39793202e-02 -2.25272760e-01
 -3.02708689e-02 -2.35997856e-01  1.70797050e-01  4.27023433e-02
 -4.85710278e-02 -5.95623590e-02 -2.14769319e-01 -6.38015270e-02
 -3.28115135e-01 -1.84017837e-01 -1.59449711e-01 -1.94554582e-01
 -3.15207392e-01 -9.83093977e-02 -3.99176218e-02  1.16747491e-01
 -2.83482432e-01  9.25347768e-03 -3.19526754e-02 -1.42474934e-01
 -1.33430690e-01 -2.90651143e-01  5.30465469e-02 -1.75265014e-01
 -1.51700124e-01 -8.04263428e-02 -2.43216991e-01 -1.46996737e-01
 -2.20734000e-01 -4.10957374e-02  1.15295514e-01 -1.33745059e-01
 -1.07382387e-01 -2.83837259e-01 -6.45266473e-02 -1.40266597e-01
 -2.11109266e-01  1.14604972e-01  1.89131692e-01 -3.77204478e-01
  1.08671769e-01 -5.82195446e-02 -2.29317248e-01 -2.12199762e-01
 -1.32626563e-01 -2.73871049e-02 -6.56199902e-02  1.48060471e-01
 -1.40809461e-01 -2.43700221e-01 -3.47682983e-01 -1.78734034e-01
 -1.38465539e-01 -2.13981330e-01 -5.81768267e-02 -9.48862508e-02
 -3.57128859e-01 -1.68655470e-01 -2.49440938e-01 -1.64789036e-01
 -1.96082428e-01 -5.36372289e-02 -3.86701599e-02 -3.06353569e-01
 -8.77430290e-02  2.02438176e-01 -7.14152902e-02 -1.04102790e-01
 -1.77954376e-01  1.15819670e-01  5.90462312e-02  9.41086635e-02
 -2.45800510e-01 -8.22128877e-02 -2.16105685e-01 -6.30536601e-02
 -3.01371869e-02 -1.02590725e-01 -1.05301313e-01 -1.06906377e-01
 -1.17023475e-01 -1.09236546e-01  7.02984706e-02 -1.81429401e-01
 -2.07508639e-01 -9.49249864e-02  7.43020400e-02 -1.53326571e-01
  6.98430166e-02  3.11331332e-01 -2.75389552e-01 -2.44468093e-01
  3.16090211e-02  2.26050033e-05 -2.37575233e-01 -1.81489661e-01
  1.12226926e-01 -3.42851877e-02 -2.33398438e-01 -2.30483450e-02
 -1.57661155e-01  2.30404688e-03  4.88687195e-02  1.47048384e-01
 -2.02240333e-01 -2.18029082e-01  4.44037132e-02 -9.94538516e-02
 -1.84394881e-01  7.73954764e-02 -1.04066037e-01 -1.67938381e-01
 -2.56838739e-01 -1.15785800e-01 -1.83715016e-01 -2.98345327e-01
 -1.43482149e-01  4.22511175e-02  7.02340230e-02 -1.89491093e-01
  3.08370590e-02  1.46993008e-02 -2.78621346e-01  1.88199617e-02
 -9.61140096e-02 -2.15721637e-01 -1.64065525e-01 -1.50598601e-01
 -2.86534309e-01  3.03994805e-01 -2.00593308e-01 -3.00739948e-02
 -1.74868882e-01  2.31220499e-02 -3.07287904e-03  1.30143583e-01
 -2.51822756e-03  9.63829309e-02 -5.25321141e-02 -2.15742216e-01
 -1.74340367e-01 -8.24222788e-02 -2.79821843e-01 -3.59946005e-02
 -4.41813469e-02 -2.25293562e-01 -6.58185109e-02 -7.32998224e-03
  1.25296274e-02 -1.56656653e-01 -1.69811398e-01 -2.30005413e-01
 -6.14027642e-02 -4.41452442e-03 -4.04928058e-01 -3.99498940e-01
 -3.63429964e-01 -3.90716046e-01 -4.27126251e-02 -2.78078884e-01
 -3.73181760e-01 -1.73084944e-01 -1.98479801e-01 -2.22123370e-01
  6.59606233e-02  7.25443661e-02 -1.48450881e-01  1.07574381e-01
 -2.13809133e-01 -1.87417686e-01 -3.47537249e-01 -3.07527691e-01
 -2.81795263e-01 -1.85865507e-01 -4.17450011e-01 -1.21559061e-01
 -2.49745071e-01 -2.92730451e-01 -3.99909645e-01 -2.42181003e-01
 -2.22632997e-02 -4.94636327e-01 -3.04619312e-01 -3.53494316e-01
 -3.94922972e-01 -6.49312854e-01 -2.50773698e-01 -4.59660709e-01
 -1.69137582e-01 -3.49008948e-01 -2.35744715e-01 -1.92643031e-01
 -3.40710580e-01 -4.57725435e-01 -6.45728409e-01 -1.88290372e-01
 -3.32427859e-01 -3.07997674e-01 -3.76525789e-01 -3.29041451e-01
 -2.66840249e-01 -2.04896167e-01 -1.95655003e-01 -1.67536855e-01
 -2.01795757e-01 -1.43753052e-01 -9.31663141e-02 -1.23209126e-01
 -4.19212461e-01 -2.85766453e-01 -2.51600504e-01 -3.75778437e-01
 -4.44658250e-02 -3.15372050e-01 -2.35962540e-01 -2.12752163e-01
 -4.58163261e-01 -1.92292958e-01 -2.83284992e-01 -3.83413732e-01
 -3.53327334e-01 -2.60939151e-01 -1.45358145e-01 -2.76783586e-01
  1.51139244e-01 -3.94835323e-03 -2.99569696e-01 -4.41207469e-01
 -3.27610075e-01 -2.40533739e-01 -1.33546844e-01 -2.73090571e-01
 -4.65699375e-01 -3.53815585e-01 -3.16402614e-01 -4.49539721e-01
 -3.93979251e-01 -1.88770473e-01 -2.99914032e-01 -2.47468084e-01
 -5.28949261e-01 -9.97376218e-02 -4.76065904e-01 -3.55062574e-01
 -2.76812911e-01 -3.42192620e-01 -2.06826091e-01 -4.26903397e-01
 -1.58540368e-01 -1.68036982e-01 -5.12105823e-01 -1.67069018e-01
 -1.18412957e-01 -2.20395580e-01 -2.86887974e-01 -3.02707583e-01
 -2.29148999e-01 -3.49164397e-01 -3.02063022e-02 -3.07697982e-01
 -9.83897001e-02 -2.60416627e-01 -1.85014069e-01 -1.70048580e-01
 -7.79208094e-02 -3.46317023e-01 -1.70515135e-01 -5.30473329e-02
 -1.82719722e-01 -2.99813628e-01 -2.16416880e-01 -5.19875109e-01
 -6.23024404e-02 -2.54596859e-01 -2.54919082e-01 -1.48238778e-01
 -2.15847895e-01 -1.53131425e-01 -2.75480598e-02 -1.27717376e-01
  5.79248592e-02 -3.44725549e-01 -2.14728430e-01 -4.49809022e-02
 -2.49602214e-01 -2.58124173e-01 -3.43115330e-02  7.57961422e-02
 -2.06474334e-01 -3.43667530e-02  3.54301147e-02 -9.70671028e-02
 -2.58598447e-01 -5.61774150e-02 -1.62997484e-01 -3.57683867e-01
 -9.17967036e-02 -1.77671120e-01 -7.54814669e-02 -2.06073970e-01
 -2.27077663e-01 -2.37205952e-01 -2.34842729e-02 -2.31515706e-01
 -9.45607051e-02 -2.42570907e-01 -3.97646248e-01 -3.49144638e-01
 -2.46988773e-01 -1.39160246e-01 -4.01917785e-01 -2.22495615e-01
 -9.24165845e-02 -1.41534060e-01 -2.48114824e-01 -1.50817633e-01
 -7.73288161e-02 -1.27131343e-01  1.17524806e-02 -2.40539908e-01
 -1.58807099e-01 -1.55116946e-01 -9.01052356e-02 -2.14598417e-01
 -4.27601635e-01 -2.48972178e-01 -1.28034115e-01 -8.92825499e-02
 -2.11785689e-01 -3.74218561e-02 -1.21698350e-01 -1.48161650e-01
 -2.34278873e-01 -3.56164724e-01 -2.58171618e-01 -1.36373997e-01
 -2.04146683e-01 -1.46928072e-01 -7.08689317e-02 -3.74492645e-01
 -3.11355382e-01 -6.13291897e-02 -8.93640742e-02 -2.23946661e-01
 -1.78401992e-01 -2.73156345e-01 -1.69767931e-01 -1.55955076e-01
 -9.45375189e-02 -5.69608845e-02 -2.72442251e-01 -3.49492915e-02
 -1.66681573e-01 -3.69566828e-01 -3.15615118e-01 -7.86067098e-02
 -1.61503896e-01 -4.55696702e-01 -2.41877705e-01 -2.62782633e-01
 -3.19453925e-01  1.06378816e-01  2.12682504e-03  4.80277352e-02
 -1.60467818e-01 -3.77329826e-01 -6.31831661e-02 -4.38212723e-01
 -1.66152585e-02 -1.88389301e-01 -2.85927981e-01 -1.67897433e-01
 -2.01015115e-01 -1.71777397e-01 -3.40966582e-01 -3.16983908e-01
 -1.10878520e-01 -3.18448573e-01 -2.82388300e-01 -1.83100536e-01
 -3.21047813e-01 -2.84922779e-01 -1.09372877e-01 -3.53818417e-01
 -2.72735715e-01 -2.81717986e-01 -2.47101009e-01 -2.46592358e-01
 -1.14320353e-01 -1.09354593e-01 -2.51401842e-01 -1.01464175e-01
 -2.68887788e-01 -5.18633902e-01 -3.59469771e-01 -8.27446133e-02
 -4.00770068e-01 -3.78062397e-01 -3.10971797e-01 -5.04003227e-01
 -4.49227273e-01 -2.61413604e-01 -2.00134471e-01 -1.80844605e-01
 -1.64345339e-01 -4.50245030e-02 -3.08192492e-01 -3.04760765e-02
 -2.46119156e-01 -1.65682003e-01  2.76950654e-02 -4.02230680e-01
 -4.95066226e-01 -6.17915951e-02 -3.09052467e-01 -2.84425139e-01
 -2.39470869e-01 -2.96887577e-01 -2.39439666e-01 -1.33587286e-01
 -2.84063816e-01 -1.96274266e-01 -3.19987446e-01 -1.38672531e-01
 -6.33906066e-01 -4.19192314e-01 -3.20583999e-01 -7.19391823e-01
 -5.55360079e-01 -5.25324047e-01 -4.83127654e-01 -6.22553110e-01]
