[-0.86383224 -1.7868291  -1.2242771  -1.4033529  -1.816838   -2.1374383
 -1.679197   -2.1481068  -1.7223219  -1.3981171  -1.8736123  -2.7311673
 -3.0182407  -2.8668003  -2.4735773  -2.6330333  -0.89687985 -1.189774
 -0.8787485  -1.263813   -1.253646   -0.85172355 -1.049803   -1.2026916
 -1.0725052  -1.4148643  -1.2063806  -0.8729315  -1.4442397  -1.212716
 -1.0408214  -1.3177316  -0.8163721  -0.88800085 -0.8485656  -0.74028164
 -0.7503847  -1.525401   -1.9731988  -2.0937362  -2.9589913  -2.2324333
 -2.3758183  -2.3739705  -1.7000498  -1.6629221  -1.8413558  -1.5857378
 -1.0067877  -1.8843073  -2.1448092  -1.7498288  -2.3488092  -0.870337
 -1.296426   -1.6896437  -1.5806543  -1.412875   -1.5180049  -0.31255397
 -1.42386    -2.5069666  -2.8684998  -2.2380981  -2.73247    -2.278305
 -2.3892612  -2.021945   -2.2577376  -1.9182715  -1.2402443  -1.7365478
 -1.0163964  -2.0218678  -1.1390595  -1.3531057  -1.8125591  -1.6126987
 -1.4942895  -1.6890286  -2.2870698  -1.6433158  -1.5952702  -2.0346103
 -2.3283975  -2.4971523  -1.5521718  -2.6453724  -1.7550744  -2.2623281
 -2.1489227  -2.0384395  -2.5055513  -2.070854   -2.5448668  -2.1922772
 -1.9643395  -1.4172412  -1.8169824  -1.5686035  -2.1348925  -1.5126226
 -2.7613642  -2.7484226  -2.0017781  -1.1156749  -2.1103187  -1.8149848
 -2.4053943  -1.1049112  -1.045081   -1.2295774   1.004998    0.8786444
  0.7799895   0.5133284   0.09364814  1.0484172   0.80944633  0.78260565
  1.1209812   0.3097885   1.1297976   0.9928867   0.8862065   0.9121934
  1.0481623   0.6816832   0.86634016  0.70584756  0.61355084  0.79770005
  0.69603735  1.1648455   0.57823926  0.83230954  0.73355734  0.8158586
  1.0448589   0.9662536   0.8043741   1.1930118   0.74688405  0.86320025
  0.60948783  0.8728384   0.3143534   0.71812177  0.49891233  0.92849267
  0.9324176   0.9000636   1.0668325   0.893292    0.937238    0.82836616
  0.49127877  0.76959753  0.8392477   0.87096334  0.63636005  0.819366
  0.9830644   1.0163233   0.7105954   0.64384425  0.70043284  1.2423338
  1.2023978   0.90589076  1.118858    0.8982323   0.95583     1.0050416
  0.8078252   0.5353128   0.9041049   0.7453843   0.97565866  0.8645528
  0.9421788   1.3172846   1.3328569   1.1163464   0.61749244  0.9909287
  0.85677063  0.6438462   0.9531939   0.9868818   0.8926473   0.9037935
  1.0788007   0.7901073   0.98829395  0.7123002   0.9040825   0.9745978
  1.0059505   0.9060542   0.8328029   0.88818073  0.8739661   0.973046
  0.88493454  0.9099191   0.94716793  1.0609556   1.2866814   1.1638831
  0.872119    0.9116743   1.0835233   0.93233216  0.41900095  0.5437414
  1.0755793   0.6307561   0.7604258   1.0217395   0.8150937   0.97839856
  1.0489179   1.2191776   0.87426555  0.92967933  0.8769171   0.946719
  1.1303684   1.0512778   1.1818793   0.88736415  1.0800837   1.0860522
  0.8655166   0.42906952  0.92883736  1.0256301   0.9713793   1.0248208
  0.5541444   0.87382406  0.8854744   0.87155545  0.8477209   0.8256622
  1.0019854   0.90307665  0.9410031   0.848814    0.88946176  0.77853054
  0.8062028   0.98905575  1.1945469   0.90825975  1.0668763   0.8492555
  0.713116    1.0093884   0.9906242   0.8123236   1.1491854   0.64359665
  0.9095172   0.69115996  0.81545246  0.90449786  0.8197008   1.0169567
  0.6738284   1.0415788   1.105736    1.124771    1.2096951   0.8035968
  1.1712153   1.1502938   1.0834007   1.0054947   1.1490065   0.8627795
  0.9820519   1.10669     0.9730193   0.7308127   0.7222015   1.0336254
  1.1417841   0.5179667   0.9899666   0.6718701   0.74202     1.1051335
  0.65997183  0.78907764  0.8490187   0.38821495  0.82932746  0.85554516
  0.46354538  0.697625    0.7319552   1.0757837   0.7717886   1.0633667
  0.6206571   1.0652814   0.95612097  0.96418345  0.7641147   0.8565869
  1.0618674   0.6392799   0.7902327   0.8411967   0.7637789   0.9133712
  1.0475892   0.5606621   0.7730876   1.2206371   0.6307443   0.45693445
  1.2341613   0.72597677  0.8673341   0.60628456  0.7221756   0.80316347
  0.8969146   1.0181549   1.0256988   1.0065444   0.79424995  0.89217407
  0.7999184   0.971673    1.0455282   0.92803234  0.87334335  0.9351706
  1.0848968   0.93093216  1.0109161   1.0750362   1.0130877   0.8127612
  0.8163525   0.8627448   0.95611477  1.0534061   0.8534576   0.90840304
  0.86413646  0.91882145  0.7049478   0.9028015   0.85826015  0.9461396
  0.629364    0.8725093   0.50833553  0.9739763   0.6768525   1.270719
  0.87407947  1.214746    0.42936626  0.81943774  1.1645201   1.0211594
  1.1207442   0.87314254  1.0627224   1.164958    1.0327195   0.9844843
  0.96387106  0.9928477   0.9033246   1.0166014   1.0301263   1.061801
  1.0376027   1.0598733   1.2062968   0.9619631   1.0551354   0.9134654
  1.1263855   1.1517969   1.0750461   0.70634717  0.6903573   0.75492644
  1.0770291   1.0282884   0.99308497  0.9398295   0.82382864  1.1695821
  0.93717074  1.0353997   0.63808024  0.9642238   1.0038602   1.3328685
  0.824402    0.94195825  1.0027633   1.1425618   0.6522814   0.7575873
  0.8010311   1.0197182   0.874998    0.7797392   1.1949465   0.82480705
  1.0109327   0.71478206  0.8969277   1.0457722   0.84847194  1.0388179
  1.250272    0.92938805  0.7716799   1.0342138   0.9726076   1.0449574
  0.99640536  0.9211863   0.83421594  0.8733118   1.0112853   0.8467548
  0.86641604  1.1115403   0.9485481   0.87321466  0.8495252   0.6416276
  1.0297346   1.1141753   0.8959425   1.1006601   0.91371536  1.0826436
  1.1449245   1.0232371   1.1691129   0.9485998   1.0659001   0.9800971
  0.8283618   0.9864207   1.1175431   0.84263396  0.83253676  0.49915338
  0.6914567   0.7335688   0.886184    1.094782    1.024504    1.3059602
  1.05942     1.1614062   0.9252726   0.9074319   1.0294935   0.7986056
  0.94856155  0.79098153  0.8178999   1.058308    0.9586811   1.1035159
  0.9548257   1.0660049   1.1104559   0.7614019   1.186722    0.8802567
  0.84569937  1.1983382   0.84772444  0.6210413   0.60882044  0.80370545
  0.9568515   0.8042016   0.844152    0.624256    0.18617311  1.0565232
  0.8248354   0.7906305   0.723273    0.5536972   0.87291634  0.7934296
  0.879157    0.827974    0.3855821   0.8528721   0.91144484  1.0364674
  0.59097224  0.82681096  0.80102295  1.0527073   0.9229693   1.0878487
  0.85679746  1.0087202   0.6961515   1.120239    1.1008531   0.7906188
  0.6210742   1.0183451   0.8769412   1.2304676   0.861486    0.9165988
  0.89827216  0.9379549   0.86714375  0.89956486  0.85845274  0.9320559
  0.99564266  0.9519482   1.03875     0.9402448   0.7772878   1.0328577
  1.0919945   0.9974762   0.9411325   1.315048    1.392906    0.98634374
  1.2458324   1.0011524   0.9231482   0.85441726  1.0502894   1.1098884
  1.3202894   1.0536321   0.82561296  0.8907867   1.1809074   0.91835576
  0.40541074  1.199718    0.67663276  0.880729    1.1748184   0.7469809
  0.65669787  0.8858693   0.71254843  0.93980217  0.76363266  0.93773663
  1.0060177   0.88326025  0.53402305  0.7511679   1.2541559   0.6250281
  1.0029333   1.0810488   0.6648605   0.9562371   1.1830697   1.0236287
  1.030681    0.8461924   0.99066395  1.198679    0.84922576  0.8691824
  1.0105783   0.7189287   0.72031516  1.1464871   1.0163639   0.94917107
  1.057413    1.210914    1.1381813   1.1895106   0.9195087   1.0690249
  1.1455612   0.9776851   0.9249141   1.156689    1.0713308   0.9818397
  1.0526917   1.0818743   0.9616634   1.4391074   0.87614423  0.8950909
  1.0005904   1.1259792   1.1393657   0.7622046   0.8697158   0.99240696
  0.9457151   0.8063455   0.96837646  1.0362821   1.1988318   0.8785378
  0.99691707  0.8463683   0.8580514   1.0501169   0.787596    0.85986096
  0.802879    0.66905534  0.44349864  0.6107678   0.5643336   0.6117307
  0.7734886   0.7855806   0.55556464  0.750265    0.788155    0.85874224
  0.48776898  0.3624478   0.6239607   1.0792512   0.6544878   0.6696404
  0.6717553   0.5709698   0.91911936  0.58985245  0.69138414  0.76513445
  0.943453    0.8028859   1.0179626   0.73964554  0.8960945   0.9355525
  0.9453245   0.9630321   0.9648092   0.7457212   0.8173353   0.84115726
  0.8117647   0.9544084   0.6986761   0.7888153   1.0109137   1.0542384
  0.7886659   1.0347431   0.92954266  1.1582214   1.1724024   0.95581204
  1.0091091   0.9313087   1.1150153   1.059073    1.1468008   1.0892109
  1.0762784   0.870076    1.2084543   1.3231392   1.1176386   0.6966183
  1.0150763   0.9790092   1.0024298   0.7713025   0.8211116   0.8567823
  1.1028262   1.070791    0.79704875  0.92361844  0.90016764  1.2087232
  1.0923197   1.1594933   1.066471    0.80346656  0.8132161   1.2682085
  0.80129874  0.97603506  0.9864604   0.8022913   0.7958539   0.80494744
  1.1550522   1.0134662   0.82929313  0.9541785   0.9253469   1.0959795
  1.0989977   0.623417    0.8163983   0.88393915  1.092313    0.90462446
  1.1175748   1.1408731   0.9992242   0.9429293   1.0286155   0.72694534
  0.84314525  1.1253724   0.86896867  0.72824025  0.8642835   1.0513282
  0.82857484  0.9287408   0.93182945  0.6331785   1.0850346   0.8988352
  0.89958555  0.82914865  1.15288     0.9088519   0.94112957  1.2665883
  0.75689644  0.9419632   1.0249841   1.0042074   0.85798407  1.0132172
  0.90440696  1.1108196   0.8211351   0.94310147  0.91569203  1.2436552
  1.017224    0.9629337   0.9566464   1.0822425   0.88901985  0.9672001
  0.88814163  0.9294423   0.9723747   0.7720946   0.7285644   0.8871147
  0.90315855  0.9407494   1.0293137   1.031182    0.94063246  0.9164176
  0.76711833  1.0866936   1.0559585   0.6538127   1.0098345   0.77328146
  0.7407702   0.815444    1.0846524   0.98626757  0.699404    1.1333325
  1.0114771   0.8139347   0.91594577  0.89254314  1.2077475   1.02499
  1.1655571   1.0255463   0.6857184   0.6720146   1.0321772   0.8498412
  1.0386013   0.97740227  1.1798707   0.88476247  0.8247287   0.68247116
  1.0415214   0.8187588   0.7612371   0.8877405   1.0105126   1.0109643
  0.86632156  0.74974203  0.9114241   0.9209173   0.9956667   0.9637525
  0.9100233   0.8801685   0.9236414   0.9029085   0.8508656   0.9310225
  0.9409405   0.91727835  0.7074476   0.9076805   0.9270672   1.0915345
  0.92289066  0.86743814  0.95357937  0.88843584  0.9896421   0.889318
  0.941508    0.90572566  0.9669212   0.86396605  0.7765985   0.9064234
  0.7889144   1.0777994   0.94889635  0.89577293  0.83579427  0.5932946
  0.6160528   0.525922    1.1984185   1.0252194   1.5726709   0.9020527
  1.1105456   0.8205868   0.61612     0.8280493   0.80381066  0.9526728
  0.9336061   0.78506595  0.9882141   0.85646516  0.8207677   0.66551876
  0.46650872  1.1417227   0.89264524  0.9949899   1.08536     1.1100477
  1.060462    0.8409672   0.7084781   0.8661523   1.4660468   0.7250019
  0.8733078   0.92773986  1.1064763   0.93480945  1.1380776   1.0070672
  0.7682385   0.93232596  0.89476055  0.76751405  0.8439268   0.9655973
  0.83613795  0.9936816   1.1283844   1.4097944   1.0368527   0.9626605
  1.0012757   0.7837153   0.599239    1.0092162   0.9439331   1.1515956
  1.1405586   0.4160157   1.0041459   0.9067107   1.1070154   0.79078704
  0.82545656  0.9393932   1.1689559   1.1738999   1.3002694   1.059429
  0.916003    0.94531333  1.224436    0.9674415   0.9190178   1.1706241
  0.88888633  0.9738678   0.96964145  0.77809954  1.3041158   0.66325235
  0.90062267  0.75525653  0.4430783   0.3180491   0.9483438   0.89181423
  1.1814396   0.7376624   0.98589396  0.8783845   0.70274836  0.8552863
  1.1735168   0.8804482   1.0172598   1.1168573   0.95798033  0.6083697
  1.1503527   0.7007262   0.8944932   0.9334948   0.65767795  0.83490753
  0.9534014   0.8754894   0.5086098   0.9859716   1.0194902   0.5774337
  0.6732644   1.0964738   1.071879    0.90565556  0.95306486  0.81919515
  1.117598    0.94463766  0.8341067   0.8717033   1.3580068   0.9484731
  0.8639482   1.1296945   0.84164864  0.50292665  0.6710903   0.8802542
  0.90023345  1.23619     1.0496935   0.71386296  0.8758066   0.94613755
  0.6241591   0.86876523  0.90470624  0.9913595   0.82814735  0.82562065
  0.95217717  0.8642454   0.8258916   0.80232346  1.1847632   1.079479
  1.0488143   1.1375695   0.72573495  1.0205878   1.1308017   0.4476071
  1.1731658   1.019365    0.6993933   1.0712221   0.8593627   1.1083711
  0.8499573   1.0202609   0.75719583  0.8405307   0.5470099   0.89834726
  0.9210972   1.1672301   0.70184535  0.9662339   1.1191361   1.0420656
  0.9944539   1.2541506   1.0052826   0.9122713   0.76641023  1.2742999
  0.79688144  0.6706659   1.0148574   0.61510646  0.98770857  1.0337863
  0.94177663  1.2795897   1.1069026   1.042446    0.9063283   1.0191354
  0.9782115   0.9964971   1.0346487   1.2369279   1.2137749   0.6530533
  0.7887968   1.1512204   0.7196657   1.0611066   1.0109925   0.6064964
  0.7923022   0.5851383   0.76947606  0.73472655  0.8019896   0.97714025
  0.81279665  0.78494394  0.9331981   1.1078444   0.62237775  0.9548188
  0.88172644  0.853255    0.8192839   0.698345    0.8629955   0.6049421
  0.833074    0.7021188   1.1405864   1.2010837   1.0473099   0.92102623
  0.7720804   0.8468368   0.8094011   0.76144713  0.7172011   0.8519786
  0.88374746  0.85659367  0.77465785  0.6489886   0.7670165   0.8890623
  0.6286259   0.6435901   0.8913201   0.8532611   1.0431435   0.98756796
  0.9426557   0.88598466  0.7184678   0.881028    1.0640423   0.84158194
  0.7133886   0.5882866   0.90795726  0.60910046  0.8680099   1.0131903
  1.0257413   1.0697734   0.9585277   0.7679064   0.89231926  0.92334867
  0.8894816   0.8296533   1.0401198   1.1328155   0.71561265  1.1639652
  0.54069763  0.87030923  0.9068246   0.96310204  0.966495    0.92391276
  1.0642196   0.569134    0.8762371   0.9479363   1.0313064   0.8568716
  0.81773037  0.9957419   0.9790768   0.8341396   1.0153022   0.8038229
  0.8054387   0.8187985   0.86098224  0.9226874   1.2071846   0.9124439
  1.1265688   0.87795395  0.8541695   0.7504335   1.090209    0.9544148
  0.96354514  0.9863854   0.9259721   0.6401604   0.8632724   0.76147574
  1.0533428   0.92708045  0.9940677   0.9784526   0.9164253   0.8709351
  0.8505616   1.039802    0.740131    1.0082556   0.8522042   0.95081496
  0.9009624   0.8716734   1.0010645   0.99220234  0.8831496   0.74397063
  1.0471339   0.84490883  0.92597103  0.89268094  1.1081429   0.9103761
  1.1153547   0.7581654   0.9725947   0.9264882   0.8777576   0.652937
  0.89711964  1.0900921   0.89570856  1.1619505   0.957598    1.1407601
  0.96983665  1.0226054   0.95739716  0.7685587   0.9906756   0.7838993
  0.6817329   0.5910462   0.68423074  0.6932018   0.69867754  0.6860713
  0.9105095   0.95352477  0.8789947   1.0328885   0.5425445   0.8781885
  0.9965288   0.9020972   0.83840925  0.80269516  1.0971836   0.70095325
  0.7175889   0.85039246  0.67983335  1.1083481   0.85382557  0.57830733
  0.84855676  0.8466914   0.72344875  0.7726325   0.89810205  1.125639
  0.8885056   0.7913812   0.8137657   0.83654994  0.91179544  0.83474636
  1.1718346   0.9760039   1.1571156   0.8212749   0.78157276  0.8200428
  1.0205904   0.90377307  1.1830816   0.9042891   0.84057045  1.0433831
  0.858316    0.86685336  0.6610123   0.8696335   0.8220659   0.9411878
  1.1341205   0.9021813   0.98378986  0.76182413  0.70605606  0.8348178
  0.75123215  0.9452937   0.8767724   0.8584088   0.8996458   0.96387696
  0.88998425  0.9428253   1.0632161   0.6754919   0.7425394   0.95115745
  0.84591836  0.9123032   0.675319    0.6086828   0.6733674   0.736524
  0.9790262   0.9402208   0.58056504  0.7601946   0.93593997  1.0971605
  0.5805462   0.8969151   0.9496524   1.0836192   0.60854936  0.71727186
  0.92654926  0.83446497  0.8245419   0.74526346  0.79111934  0.9695688
  0.9779905   0.94538635  0.9532611   0.9340268   0.9597335   0.9472168
  0.8137265   1.0572209   0.7282754   0.78049165  0.88494545  0.693319
  0.8166063   1.1352457   0.6001185   0.73920864  0.83620834  0.83977693
  0.7126452   0.8667255   0.8143022   0.98581266  0.9304145   0.85856944
  0.8159369   0.82128733  0.7931159   0.85695964  0.94389194  0.99891275
  0.5604856   0.68019897  0.7503118   0.9673877   0.58834946  0.9817659
  0.8671839   0.79539937  1.0179838   0.7142352   0.86040056  0.70743537
  0.97471166  0.9786265   0.76299727  1.097067    0.9029238   1.1095958
  0.6686079   0.7753656   0.9035436   0.8235543   0.73206735  0.9917456
  0.7632577   1.2107685   0.8215996   0.9836245   1.1299734   0.90787655
  0.7711249   1.105711    0.6929692   0.7732683   0.99695957  0.83303005
  1.0203955   1.2269528   0.8775239   0.9484703   0.8460089   0.9119685
  0.9687627   0.64959246  0.7880369   0.92388785  0.84842634  0.8334341
  0.9877314   0.87102884  0.76636     0.72576815  0.98817694  0.88871354
  0.89470965  0.989036    0.5983287   0.90431327  0.76659477  0.90744734
  1.0150431   0.63102686  1.0223507   0.8447348   0.89359796  0.93639296
  0.9918837   0.5995849   0.8757496   1.0352572   1.051424    0.9213219
  0.81005275  1.0073856   1.1881052   0.66373134  0.7064604   0.82601196
  0.85136783  0.8115526   1.0723025   1.0119119   1.019428    0.6906212
  0.6590954   0.5661951   1.0897499   1.0366238   0.9166646   0.9789429
  1.1278919   0.9762975   0.5991711   0.7647869   1.0749846   0.7561606
  0.57172674  0.9319806   0.7294989   0.8466282   0.7433382   0.7549151
  0.85084385  0.85369414  0.99963367  0.7678149   0.90259576  1.1612111
  0.88092595  1.08002     0.90541387  0.87759656  1.2536569   1.054031
  0.94873905  0.954533    0.9097243   0.91180515  1.028449    0.9536063
  0.75694275  0.8107545   0.9889811   1.0588263   0.83624285  0.91474384
  0.8526077   0.88892925  1.0127765   0.87038565  0.8650576   1.023782
  0.5464995   0.7817074   1.1133896   1.0410829   0.811296    1.0794281
  0.9360103   0.8334068   0.5858991   0.808285    0.6590327   0.96202713
  0.75965875  0.91681486  0.96262     0.8417738   0.9480037   0.7711394
  1.1009792   0.9185182   0.8279121   0.720737    1.2278776   1.1304018
  0.71317315  0.76396835  0.7928639   0.9410641   0.71920884  1.0797104
  0.85726404  1.1961      0.7597305   1.1021926   1.0229264   1.0198346
  1.1001996   0.948256    0.93698424  1.0538241   0.9272514   0.8603255
  1.0140319   0.94812435  0.8006047   0.7047475   0.63982517  0.76384157
  0.8027492   0.9864814   0.8523494   0.7378369   0.8606894   0.8825779
  0.61375093  1.0069289   0.93495464  0.9329374   0.82574224  0.64132184
  0.87630486  0.6256363   0.8013784   0.9929595   1.1105047   0.6592594
  0.6714749   0.74020153  1.0573344   1.2675598   0.41538435  1.0183064
  1.1712891   0.80909604  1.0335304   1.0546572   1.03542     1.1167536
  0.8214792   0.81274843  0.98190194  0.70180786  0.94480634  0.8121818
  0.5734445   0.9079922   0.5447999   0.64579237  0.6828572   0.8624473
  0.7283915   0.41800052  1.2883195   0.78779185  0.6522187   0.4981886
  0.62541515  0.5874504   0.70543253  0.637234    0.72126687  0.8705952
  0.88418853  0.7072198   0.94273907  0.9446026   1.0181537   0.8698765
  0.9009596   0.8103281   0.6932572   0.7495142   0.9151467   1.002074
  0.8687144   0.9602866   0.41707468  0.7722931   0.6484593   0.44998527
  1.081666    0.98514616  1.1735421   1.1265063   0.888481    0.73923314
  0.79060435  0.9024255   0.9172762   0.7824498   0.78992146  0.54862857
  0.82021433  0.892703    0.6769541   0.83944273  0.90942144  0.7050189
  0.9749412   1.0283616   0.9473042   0.87026656  0.94340754  0.95121074
  0.76457185  0.7938189   1.0019548   0.937244    0.9636607   0.91470724
  0.9837441   1.0644968   0.68985987  0.92975026  0.64643896  1.1068554
  1.0366024   0.7574059   0.85485286  1.0147393   1.0693573   1.0848311
  1.0947024   0.87548685  0.93907607  1.0491742   1.1388693   0.94090825
  0.8196586   1.0849997   1.0079488   0.93286353  0.55978644  0.7601267
  0.80494183  0.8695369   0.9869974   1.0184942   0.9095709   1.0213641
  0.88512075  0.74969864  0.9144259   1.019539    0.8968964   1.0652074
  0.7979751   0.92785263  1.0055087   0.943487    0.8269251   0.9876266
  0.7267463   1.0265118   1.1000583   1.0657234   1.0490227   1.1114923
  0.9608618   0.9198805   0.85892296  1.0357022   1.0125316   1.2547058
  0.85269517  1.0119224   0.85353565  0.7043231   0.8638484   0.94716686
  1.0028609   0.71860784  0.8753623   0.84934837  0.857103    1.0641583
  1.075637    1.0239799   0.8256113   0.7768216   1.0207134   1.2862656
  0.80649394  1.0431621   1.0959314   0.95777     1.1086426   1.1438675
  1.1662998   1.0186092   0.86529195  0.929886    1.2233284   0.91908604
  0.7514473   0.81339604  0.56177765  0.8120329   1.146477    0.99525315
  1.135288    1.1118146   1.0074236   1.0966201   1.1559935   0.9405119
  1.0083046   1.0562025   1.0848148   0.76812387  1.0533416   0.63419116
  0.8829515   0.89673096  1.1489189   1.0465379   0.9035133   1.1033157
  1.0654943   0.8921076   1.0564886   1.0226575   0.6921569   0.81438935
  0.8766353   0.99678826  0.9708495   1.1613389   1.0603265   1.0937864
  1.1454264   1.1920714   1.085387    0.9537498   0.8266054   1.0382931
  0.94416714  1.0083716   1.0149186   1.0538657   0.83558136  1.0599022
  0.7383597   0.9051063   0.9751032   0.8482096   1.0097985   1.0912825
  0.94454426  0.89354265  1.0045079   0.81678826  0.99344486  1.0370393
  0.8863323   0.894405    0.86660624  1.0490665   1.0998634   0.9097048
  0.887784    1.1371711   1.1436754   1.0135225   0.770074    0.76162905
  1.0253778   0.9029982   0.9684464   1.0391961   0.96204007  1.0561978
  1.0158873   1.0114083   1.071376    1.0113378   0.8816055   0.84616905
  1.0703329   0.99128807  0.7976439   0.7334351   0.9925055   0.9900721
  0.9602947   1.0449196   0.9138799   1.0062131   0.9699754   1.1455425
  0.89526284  0.81594956  1.0342678   0.8704108   0.8659853   1.1225612
  1.019253    0.9309703   0.9823604   0.980125    0.9711111   1.0736676
  0.86636496  0.86815536  1.0668312   0.52046764  0.5869618   0.51834595
  0.9537522   0.78988063  0.6028      0.9424771   1.191536    0.89495766
  1.0540032   0.8431843   1.0442473   0.8442897   0.9193512   0.70015585
  1.0209457   1.0070329   0.9318458   1.0447935   0.79879206  0.5985702
  0.831009    0.8301864   0.6780367   0.8158191   0.96006835  0.96525276
  0.9033229   1.0235536   0.93285024  0.9867404   0.936409    1.0729872
  0.72341716  0.9669062   0.94426244  1.0280503   0.9773217   0.6153729
  0.8622225   1.0220343   0.8624448   1.120336    0.9942401   1.1072696
  0.65440875  0.89537585  0.79205704  0.84283125  0.8427924   0.87390774
  0.82832575  0.9128853   0.838264    0.82991695  1.1166546   0.7633406
  0.8203402   0.7696654   0.9228849   0.9255807   0.66361326  0.9655577
  0.75524974  0.681101    0.79765266  0.96730244  0.88990235  0.8754714
  0.88479304  0.55993396  0.97427326  0.82022953  0.7734832   0.7727887
  0.8867099   0.79223675  0.8499267   0.72059906  0.89777136  0.869179
  0.9903506   0.6735448   0.65681666  0.7793205   0.90753937  0.7325363
  1.0524752   0.9321986   0.6008861   0.9143543   0.8654492   0.7733202
  0.73499995  0.92306703  1.0175337   0.95141673  0.8416307   0.7017597
  0.9314162   0.7250987   0.971162    0.8416929   1.0560066   0.74724513
  0.88893354  0.8348327   0.7792272   0.88073134  0.903599    1.1726451
  0.93026876  1.0911263   0.7823975   1.036554    0.7561731   0.8757683
  0.9240917   0.88384515  0.94410914  1.0792631   0.93962085  0.86705697
  0.9675828   1.0014603   0.9483965   0.91760904  0.7111484   1.1099647
  1.1155698   1.0580034   0.97530276  0.91312337  1.0323023   0.7804771
  0.9897968   1.0821459   0.7866674   1.0983837   0.92142737  0.98663163
  0.9528087   0.8233023   0.776785    0.8654768   1.1107957   0.8694275
  0.8482424   0.85987353  0.82564545  0.5996784   0.8840063   0.95935166
  1.1035073   0.773208    0.9148108   0.7544793   0.7631946   0.92758065
  0.6845023   0.9568582   0.7368267   0.87625533  0.97178316  1.0818855
  0.8606485   0.90232974  0.8963871   0.7416427   1.1083434   1.0805811
  0.914818    0.8143815   0.9027729   0.90110064  0.963046    0.7769195
  0.975124    0.81739444  0.83084726  0.90265346  0.8211715   1.193257
  0.8749537   0.7780735   0.89015484  0.98473734  0.7928443   0.9882271
  0.95137805  0.9128694   0.844512    0.8876288   1.0695107   0.58633864
  0.847599    0.74706215  0.7417891   0.9021537   0.9265053   0.95016825
  1.2512666   1.1219655 ]
