[-6.31473780e-01 -1.06245041e-01 -2.37043455e-01 -3.73030335e-01
 -2.89467287e+00 -2.94684458e+00 -3.00420094e+00 -6.97170198e-01
 -3.00742292e+00 -3.03878284e+00 -3.11934495e+00  2.44465709e+00
  1.93673480e+00  2.75935602e+00 -1.45580554e+00  1.97826338e+00
 -8.68975878e-01 -5.21720529e-01 -7.52900124e-01 -6.68950319e-01
 -6.78731620e-01 -2.19758719e-01 -7.36135483e-01 -5.04713655e-01
 -7.44019330e-01  3.02893233e+00  2.10611296e+00  2.88972473e+00
  2.79940414e+00  2.57101202e+00  2.85396886e+00  2.57643080e+00
  2.84943414e+00  2.34275532e+00  2.95992231e+00  2.60513663e+00
  2.88571668e+00  2.42594504e+00 -2.92465734e+00  3.10122085e+00
  2.90328789e+00 -2.94420671e+00 -2.78397131e+00 -3.41705650e-01
 -2.99060869e+00 -2.98344922e+00  3.02745485e+00 -2.74520063e+00
 -1.96190804e-01 -3.89326602e-01 -3.02868032e+00  2.97569895e+00
 -2.74271107e+00  3.02229095e+00 -3.04640841e+00 -3.09576893e+00
  3.93735878e-02 -2.97884655e+00  3.02332211e+00 -9.60226730e-02
 -1.94233167e+00 -1.49972725e+00  1.29109311e+00 -1.97306156e-01
  1.06291056e+00 -1.51375628e+00  2.64299250e+00 -2.95913553e+00
  3.65829431e-02  2.20444775e+00  1.49699855e+00  3.05216289e+00
  2.22120094e+00  1.07799125e+00  2.57456803e+00  1.52109182e+00
 -3.01186275e+00  2.74259925e+00  2.72160983e+00  2.11805895e-01
  2.48761368e+00  2.98430991e+00 -3.08530617e+00  2.78156543e+00
  2.36398602e+00 -3.13821054e+00  7.61373401e-01 -3.03805232e+00
 -8.56601715e-01 -1.43216118e-01  2.87043142e+00 -2.86667871e+00
 -2.96812344e+00 -2.66767478e+00  3.14048886e+00 -3.00426269e+00
 -2.73186898e+00 -2.95946980e+00  2.94469357e+00 -2.97987580e+00
  3.12564778e+00 -2.98957920e+00  2.15134668e+00  2.99587369e+00
  2.88595104e+00  2.91864920e+00  3.06773567e+00 -3.13924384e+00
  2.74247360e+00 -2.93315053e+00  7.42528677e-01  2.35028219e+00
  2.97975254e+00  1.98494923e+00  1.31961048e+00  7.89461970e-01
  1.72192860e+00  1.36370444e+00  9.28337455e-01  1.08346522e+00
  2.91646242e-01  1.16054177e+00  7.41369486e-01  7.30878592e-01
  9.56234097e-01  1.24287581e+00  5.07342219e-01  9.70052302e-01
  8.22728753e-01  9.74981487e-01  1.15321445e+00  7.51094997e-01
  1.03250718e+00  4.03807014e-01  1.47696304e+00  8.48548651e-01
  7.92482376e-01  8.25589418e-01  5.70000112e-01  7.98742175e-01
  6.54065311e-01  1.66869327e-01  8.44901443e-01  7.23755240e-01
  9.97111976e-01  6.85644507e-01  7.90071011e-01  1.10514808e+00
  1.17923951e+00  5.88770270e-01  5.95958710e-01  4.68424857e-01
  4.37136233e-01  7.25322008e-01  4.56053108e-01  9.47501659e-01
  6.04531884e-01  7.27643907e-01  8.52270126e-01  4.42704082e-01
  1.03406394e+00  4.26354110e-01  5.91985345e-01  7.27828145e-01
  8.70479941e-01  4.58230644e-01  6.43186092e-01  4.36244041e-01
  3.77899185e-02  4.46560860e-01  5.32911420e-01  5.43652952e-01
  4.87070799e-01  2.53162712e-01  5.10817051e-01  1.75541973e+00
  1.46134782e+00  1.52555060e+00  5.51976740e-01  1.42050219e+00
  8.65051746e-01  4.87184405e-01  1.25722945e+00  7.81892896e-01
  1.35086679e+00  1.55773032e+00  1.21010482e+00  1.91655219e+00
  2.02126122e+00  9.98506010e-01  1.15128338e+00  1.38061106e+00
  6.10501111e-01  8.82351279e-01  4.94155675e-01  9.62036252e-01
  4.95383173e-01  5.34221172e-01  9.16359305e-01  5.30769825e-01
  7.73488462e-01  7.44556963e-01  1.03669727e+00  4.15793598e-01
  6.40027404e-01  7.38272965e-01  7.27419019e-01  7.27167964e-01
  8.93045604e-01  2.84154981e-01  5.77914596e-01  7.31763422e-01
  7.20238030e-01  6.51965499e-01  1.62611103e+00  1.63038135e+00
  5.32149494e-01  1.43942022e+00  1.65059590e+00  9.50855911e-01
  1.32391131e+00  6.13844156e-01  4.93337184e-01  1.33715296e+00
  3.64400655e-01  1.83524811e+00  3.96636128e-01  4.56080288e-01
  5.02777874e-01  4.75498796e-01  4.47371602e-02  7.03243613e-01
  5.71296334e-01  3.90203357e-01  8.06711197e-01  1.41154146e+00
  1.02029955e+00  3.65952581e-01  2.02227384e-01  2.91358471e-01
  6.35033131e-01  8.38794053e-01  4.82456863e-01  1.00752735e+00
  9.52458084e-01  1.28557980e+00  1.18884718e+00  8.02272916e-01
  6.12590730e-01  9.76350784e-01  7.86007702e-01  1.25751698e+00
  5.33954263e-01  1.00106609e+00  6.47840679e-01  1.12070704e+00
  4.66285259e-01  8.13545227e-01  1.18590915e+00  7.42424846e-01
  9.80154395e-01  6.58579051e-01  5.36997557e-01  1.15062404e+00
  1.46097505e+00  1.09752071e+00  9.19199109e-01  7.54444778e-01
  1.23671579e+00  5.11738062e-01  1.17834318e+00  4.56553638e-01
  6.71841800e-01  5.64367235e-01  7.18819141e-01  1.25621080e+00
  5.55069327e-01  6.78023875e-01  4.92319390e-02  3.49026561e-01
  3.52659702e-01  7.20924139e-01  6.31726503e-01 -6.01812750e-02
  2.84953862e-01  9.59183931e-01  6.80410028e-01 -1.74937975e-02
  5.31094909e-01  1.00499570e+00  4.77564245e-01  9.03763831e-01
  1.12114894e+00  4.09638733e-01  1.25944197e+00  7.03712881e-01
  5.73206663e-01  1.59943211e+00  8.71767402e-01  5.39785683e-01
  1.33063912e+00  7.51040816e-01  9.26539958e-01  4.70271975e-01
  7.49622881e-01  7.54831493e-01  1.02595580e+00  3.57734650e-01
  3.70912582e-01  4.17844743e-01  9.49750423e-01  7.02974379e-01
  5.08491397e-01  1.72118187e+00  8.37418437e-01  3.52887690e-01
  8.58842909e-01  2.16040611e-01  6.11104071e-01  1.29788971e+00
  1.12096167e+00  6.31573796e-01  9.95305240e-01  8.59488845e-01
  4.10661310e-01  1.54421389e+00  1.18654168e+00  1.24640906e+00
  8.76558185e-01  8.68608654e-01  6.57044053e-01  3.17196935e-01
  4.21043426e-01  5.35089493e-01  4.04860526e-01  4.23465997e-01
  5.95847309e-01  2.74543881e-01  1.13513216e-01  5.42925477e-01
  3.79644334e-01  1.98725924e-01  3.25972140e-01  2.31830895e-01
  1.28352240e-01  3.50488842e-01  1.49963781e-01  4.05854404e-01
  3.12896162e-01  4.47032154e-01  5.07709980e-01  2.68260986e-01
  7.82734632e-01  6.17928565e-01  5.15149176e-01  4.21355337e-01
  1.00513005e+00  5.72264791e-01  7.17033744e-01  3.48628879e-01
  9.74436402e-01  1.01745284e+00  8.35288465e-01  2.32736483e-01
  4.17765796e-01  7.78154910e-01  4.87901807e-01  1.35727197e-01
  8.96583736e-01  5.26877761e-01  1.14113629e-01  2.50481069e-01
  3.93205851e-01  2.81102449e-01  3.09598446e-01  2.13585287e-01
  2.70170540e-01  5.09809136e-01  5.07378161e-01  2.91373193e-01
  4.55097109e-01  3.80530477e-01  5.04485846e-01  1.86354876e-01
  3.43155473e-01  4.59429443e-01  4.94855702e-01  1.62164345e-01
  9.16294456e-02  1.89613327e-01  3.39517087e-01  3.62855941e-01
  4.75640953e-01  6.06684327e-01  7.22669244e-01  9.32808042e-01
  1.75188228e-01  4.02494431e-01  5.41616678e-01  5.27132869e-01
  8.69215608e-01  2.71136880e-01  3.81932110e-01  3.76841813e-01
  4.72781837e-01  3.17591310e-01  5.30389667e-01 -2.16670364e-01
  8.14730942e-01  2.87250668e-01  3.48684847e-01  2.82620311e-01
  6.82180166e-01  5.70384264e-01  6.28325701e-01  1.73841745e-01
  4.01745021e-01  4.14207160e-01  5.58186412e-01  1.01046896e+00
  7.87117124e-01  5.23272753e-01  3.13032746e-01  2.66534477e-01
  7.05031395e-01  3.62836003e-01  2.59924591e-01  3.35093379e-01
  4.34904993e-01  3.99274111e-01  7.31251314e-02  4.31319088e-01
  3.38449419e-01  5.26806176e-01  5.56019545e-01  5.67155659e-01
  2.67444223e-01  5.31871021e-01  4.56691772e-01  3.54874104e-01
  2.47845590e-01  4.54235196e-01  7.07758188e-01  5.74265838e-01
  6.85121059e-01  1.34640053e-01  5.87397993e-01  3.02534819e-01
  4.73856330e-01  5.42665303e-01  2.81667769e-01  1.96205959e-01
  1.03651114e-01  2.90311843e-01  1.26521185e-01  1.93518028e-01
  7.07749426e-01  4.06566918e-01  3.25026631e-01  5.23354948e-01
  5.55455625e-01  6.68236256e-01  8.01183343e-01  1.09452009e+00
  5.79858482e-01  6.12744272e-01  1.47347510e-01 -8.73268768e-03
  2.14164019e-01  3.40922892e-01  5.47333956e-01  3.44489515e-01
  3.39525908e-01  3.43819410e-01  3.30192745e-01  3.58684421e-01
  4.19529110e-01  1.30773276e-01  5.18291295e-01  3.03063154e-01
  2.52594501e-01  7.27646947e-01  5.77888489e-01  4.22059417e-01
  5.53728104e-01  8.98703873e-01  5.56474686e-01  3.85691851e-01
  6.38359010e-01  7.91124463e-01  9.85286713e-01  1.11707354e+00
  9.29793417e-01  7.17567563e-01  7.29029000e-01  6.82745159e-01
  1.38955605e+00  8.20205986e-01  6.56085730e-01 -8.13403010e-01
 -1.72718167e+00 -1.72172046e+00 -1.33131886e+00 -1.81119645e+00
 -4.90854889e-01  7.54693747e-01  1.31280375e+00  7.13593185e-01
  3.66632581e-01  5.37807584e-01 -1.44287384e+00 -1.97969484e+00
 -1.66951394e+00 -1.45409501e+00 -1.22945452e+00 -6.66935921e-01
 -2.59643483e+00 -2.69964337e+00 -1.45583236e+00 -2.55910826e+00
 -1.00339726e-01  6.70140982e-01 -3.00729132e+00  8.77322674e-01
  5.21707654e-01  1.00759554e+00  4.21328247e-01  1.18546581e+00
  9.36495245e-01  4.23825830e-01  6.25599504e-01  7.21810460e-01
 -3.01224923e+00  3.00236821e+00 -2.02418804e+00 -2.70623660e+00
 -2.14297843e+00 -3.00166416e+00 -2.13996553e+00 -2.40794492e+00
 -2.52475071e+00 -2.40627098e+00 -2.43726349e+00  3.08512878e+00
 -1.71975029e+00  3.04865551e+00 -2.96297789e+00 -2.57647491e+00
 -2.35392118e+00 -2.09006691e+00 -3.09330416e+00  2.99116659e+00
 -2.96931934e+00 -1.11594272e+00 -2.44377708e+00 -3.13816357e+00
 -3.12307549e+00 -1.79987097e+00 -1.85547352e+00  3.00258064e+00
 -1.91984165e+00 -2.31054688e+00 -1.72589946e+00 -1.99767840e+00
 -2.57427239e+00 -1.73851645e+00 -9.42049384e-01  1.34980178e+00
  1.01657856e+00  5.17160535e-01  7.12796807e-01  5.43819726e-01
  7.62432694e-01  9.04561162e-01 -5.16695678e-02  2.42615628e+00
 -2.62140512e+00 -2.95305705e+00 -2.26271510e+00 -3.10649896e+00
 -2.71439290e+00 -2.80573249e+00 -3.00951862e+00 -2.76287365e+00
 -1.41484892e+00 -2.80864620e+00 -3.12781811e+00 -2.12253380e+00
 -2.64743376e+00 -2.68547511e+00 -2.14505172e+00 -1.67240465e+00
 -1.71581388e+00 -1.96010363e+00 -2.68701124e+00 -1.67034149e+00
  3.08327818e+00 -1.96937811e+00 -2.66618681e+00 -2.74988937e+00
 -2.48344040e+00  3.03989458e+00 -3.01086712e+00 -2.52372456e+00
 -2.89920735e+00 -2.85983992e+00 -1.48559809e+00 -1.02475107e+00
 -1.01409996e+00 -1.27559268e+00 -2.78849602e+00 -3.08946395e+00
  3.13060880e+00  3.08060074e+00 -8.79075646e-01  5.12370884e-01
  3.29771668e-01  3.68229926e-01  1.38659164e-01  4.30849195e-01
  4.32346195e-01  2.45386094e-01  2.72331327e-01  1.98815718e-01
  1.63328066e-01  7.54819214e-01  4.83290672e-01  4.27180886e-01
  7.75174439e-01  5.73208988e-01  7.48516798e-01  6.63789570e-01
  1.10491788e+00  9.86175239e-01  9.15842354e-01  1.03631544e+00
  6.23288989e-01  6.23916745e-01  9.13317680e-01  8.66065145e-01
  7.15513706e-01  6.56687617e-01  1.03728271e+00  1.11712527e+00
  9.67285633e-01  1.58758926e+00  9.60425436e-01  7.11495638e-01
  4.65371609e-01  8.73365879e-01  5.38963497e-01  9.54967976e-01
  7.40458488e-01  1.31772280e+00  7.81036973e-01  7.37491429e-01
  8.55195045e-01  9.27045763e-01  4.64928955e-01  3.47477615e-01
  9.28235769e-01  1.36271194e-01  3.37011009e-01  4.31970328e-01
  4.33342427e-01  7.78985858e-01  4.50063705e-01  2.62223423e-01
  5.00863731e-01  6.30733609e-01  4.43969518e-01 -6.82978272e-01
  8.36007237e-01 -3.07820678e+00 -2.98051357e+00  2.89354563e+00
  2.89665627e+00 -3.10700798e+00 -3.10648203e+00 -2.89398956e+00
 -3.12206388e+00  3.10952520e+00  2.99856758e+00  3.02443171e+00
  2.94756436e+00 -3.12746978e+00  3.07198644e+00  3.02993536e+00
 -2.98995900e+00 -3.02671075e+00 -3.10807347e+00  3.06622171e+00
  3.13277459e+00  3.05271435e+00  3.01543021e+00 -2.95777178e+00
 -3.13525605e+00 -2.99260497e+00 -2.94884849e+00 -2.90078878e+00
  2.96126223e+00 -3.03909731e+00 -3.02506638e+00 -2.93386221e+00
  2.84127808e+00 -3.12072301e+00  3.02612519e+00  6.21432602e-01
  7.08555460e-01  3.93179089e-01  4.34892029e-01  2.25389659e-01
  3.30823898e-01  4.48588490e-01  4.74457145e-01  1.29268095e-01
  6.36380315e-01  4.38527137e-01  5.11268973e-01  4.92984772e-01
  5.69705009e-01  8.32336307e-01  2.96399236e-01  4.35616732e-01
  1.41215220e-01  3.73473734e-01  4.30807561e-01  1.72316134e-01
  6.11869037e-01  5.13345957e-01  5.77999532e-01  5.04170179e-01
  6.60166681e-01  4.09215003e-01  3.44290465e-01  2.23635167e-01
  7.43430078e-01  1.06546748e+00  6.30617619e-01  7.83733845e-01
  7.65073180e-01  9.16871667e-01  1.77282736e-01  3.67284507e-01
  5.16476035e-01  5.24791241e-01  4.09176826e-01  6.71070218e-01
  4.77386743e-01  4.66993779e-01  1.03188908e+00  6.07151926e-01
  3.89912844e-01  4.33734328e-01  5.90038180e-01 -3.11326236e-02
  2.30960712e-01 -2.96036657e-02  4.28336799e-01  9.88175720e-02
  2.38580823e-01 -1.32105038e-01  9.95344818e-02  2.40042448e-01
  2.70980150e-01  2.28512198e-01  4.20618266e-01  2.76201785e-01
  2.95186818e-01  4.22275484e-01  3.12613994e-01  5.28183579e-01
  5.34516811e-01  1.76440969e-01  3.82595867e-01  5.51726043e-01
  2.23205328e-01  6.01244308e-02  2.24286824e-01  2.12046966e-01
  6.10941291e-01  5.56971580e-02  3.60840499e-01  3.47837210e-01
  3.89106810e-01  1.44332573e-01  3.21607828e-01  2.90919393e-01
  5.16209424e-01  4.17879164e-01  4.06724662e-01  2.79385716e-01
  4.63940114e-01  4.53768134e-01  2.97726631e-01  2.42311701e-01
  5.53589463e-02  3.47959429e-01 -1.11860953e-01  1.37132660e-01
  8.81545484e-01  6.69037879e-01  4.95159090e-01  6.89595461e-01
  2.42039219e-01  2.94964045e-01  1.66368127e-01 -1.42400742e-01
  4.88759041e-01  5.94639480e-01  2.11426243e-02  3.17466527e-01
  3.40251178e-01  1.30129501e-01  4.27683145e-01  3.44282925e-01
  5.65224588e-01  4.04222429e-01  5.19176662e-01  6.84490860e-01
  3.45149964e-01  4.99943942e-01  5.94006300e-01  5.13091683e-01
  3.46379459e-01  3.64022434e-01  4.31257904e-01  4.78538603e-01
  4.49764818e-01  1.89942554e-01  4.82142359e-01  3.16957891e-01
  3.13651770e-01  2.67480433e-01  6.11103654e-01  2.80145288e-01
  5.46653032e-01  5.36530137e-01  3.18015784e-01  5.36672890e-01
  7.37481475e-01  5.47064841e-01  3.84536803e-01  8.49004447e-01
  8.04596603e-01  1.07960689e+00  9.37323749e-01  5.76578379e-01
  1.01810467e+00  1.16197276e+00  1.24190629e+00  1.27568114e+00
  1.05486190e+00  1.17677462e+00  1.23268616e+00  2.17570758e+00
 -1.70234931e+00 -3.23186398e-01  7.70785689e-01  6.60642922e-01
  1.53914070e+00  8.37359607e-01  1.43108165e+00  1.25309861e+00
  1.11040664e+00  1.86482215e+00  1.68301976e+00  1.36661315e+00
  5.22772610e-01  1.12161171e+00  1.04872596e+00  9.19238389e-01
  1.26059449e+00  1.08528352e+00  3.08342308e-01  6.40198469e-01
  5.59836745e-01  8.85002017e-01  3.54594052e-01  5.48721433e-01
  1.06854129e+00  9.68185246e-01  1.05795372e+00  1.21634603e+00
  5.77315211e-01  5.20402491e-01  2.50354230e-01  4.80219692e-01
  5.36047697e-01  5.86168468e-01  4.66487467e-01  4.46490318e-01
  4.72697705e-01  2.24969745e-01  7.71283746e-01  4.43676144e-01
  9.06454325e-01  3.95889968e-01  8.03174376e-01  5.98434806e-01
  7.89748430e-01  7.91536689e-01  8.87228787e-01  1.18873465e+00
  7.00192809e-01  1.40520859e+00  3.68196577e-01  1.24995291e+00
  6.48890495e-01  1.29113591e+00  4.34180468e-01  1.17749381e+00
  4.29702550e-01  6.93264723e-01  6.60274744e-01  3.72647047e-01
  2.92428195e-01  2.78685421e-01  5.35472870e-01  5.20282388e-01
  7.08147824e-01  4.70646054e-01  5.24670005e-01  5.71486652e-01
  7.49309123e-01  7.56826639e-01  3.02936912e-01  6.43276751e-01
  5.80158114e-01  1.29604280e+00  5.18232107e-01  8.10529709e-01
  1.22245336e+00  1.10640967e+00  7.72503391e-02  8.72735977e-01
  2.88527608e-01  8.13352287e-01  6.71742141e-01  1.49012387e+00
  8.48374665e-01  6.05164468e-01  2.08019066e+00  5.31911969e-01
  6.12978637e-01  5.33602178e-01  1.57203174e+00  2.06840968e+00
  1.01015472e+00  1.84167945e+00  9.23421621e-01  7.39343822e-01
  1.11583686e+00  1.32361126e+00  2.07182360e+00  8.76814306e-01
  1.12503684e+00  1.78120685e+00  9.09585178e-01  1.05322587e+00
  1.80991185e+00  1.28881550e+00  7.16317832e-01  9.63116407e-01
  9.25916553e-01  1.37396932e+00  7.57289529e-01  1.12095857e+00
  6.51499629e-01  1.02828062e+00  3.30963999e-01  1.21139669e+00
  1.27206290e+00  1.25416636e+00  7.33452082e-01  1.00873721e+00
  1.05979300e+00  5.03261983e-01  4.92541134e-01  5.04220188e-01
  6.82496309e-01  1.56305790e+00  1.73004198e+00  8.10695052e-01
  6.97847307e-01  1.10271621e+00  1.00639081e+00  8.07498574e-01
  7.14387119e-01  7.60685742e-01  7.00899780e-01  2.90492147e-01
  9.52849925e-01  9.02792573e-01  2.99952686e-01  8.75356734e-01
  3.49540681e-01  4.00859743e-01  8.95741403e-01  5.56781650e-01
  3.11248839e-01  1.02729058e+00  5.83518982e-01  3.34124506e-01
  7.83968389e-01  4.73518729e-01  1.04686570e+00  4.60867614e-01
  7.45429277e-01  4.68594253e-01  8.29141259e-01  7.88070798e-01
  1.16392076e+00  1.16448438e+00  6.55064225e-01  5.63506842e-01
  6.61932230e-01  5.70128381e-01  3.83829355e-01  5.00912488e-01
  7.52695203e-01  3.72135252e-01  5.85097075e-01  8.75582576e-01
  8.39569509e-01  9.95543003e-01  1.08837390e+00  9.88365829e-01
  7.37327516e-01  1.18072057e+00  5.22325993e-01  5.22834718e-01
  9.44051147e-01  9.04459476e-01  6.35413706e-01  5.32586634e-01
  1.05222535e+00  9.93862748e-01  3.25053215e-01  8.26441526e-01
  3.96936715e-01  6.65738761e-01  8.42570305e-01  1.17982030e+00
  8.38686824e-01  8.49337041e-01  1.04883814e+00  1.16483653e+00
  8.72551978e-01  9.46890891e-01  6.61094666e-01  1.09887385e+00
  5.86147010e-01  8.03686202e-01  9.95213628e-01  6.69610858e-01
  8.46212208e-01  5.91614246e-01  8.51628542e-01  7.45262265e-01
  1.00952828e+00  8.09828401e-01  9.92047191e-01  9.96120512e-01
  6.76337600e-01  9.07573998e-01  8.51218104e-01  1.28606248e+00
  6.23593211e-01  6.78980649e-01  7.24861860e-01  3.52191865e-01
  5.55592716e-01  5.85674345e-01  6.64858937e-01  6.54917419e-01
  8.58585238e-01  8.53545606e-01  6.93732858e-01  4.92011398e-01
  1.18506992e+00  1.12861991e+00  9.30443168e-01  1.14260817e+00
  9.85341012e-01  1.00063801e+00  1.04362035e+00  1.12758648e+00
  6.69147074e-01  6.43707693e-01  5.66427290e-01  6.92377925e-01
  7.34548986e-01  7.50899374e-01  9.05092239e-01  6.67482138e-01
  5.37679195e-01  8.01401079e-01  6.07680321e-01  8.75333071e-01
  6.72367573e-01  6.99647605e-01  7.36426413e-01  6.48987174e-01
  7.35639691e-01  6.45683825e-01  4.82274294e-01  6.84348166e-01
  4.58380222e-01  6.44134223e-01  6.19024098e-01  5.28417885e-01
  6.80629849e-01  2.57939696e-01  6.97632372e-01  5.12440562e-01
  6.66232228e-01  7.90198505e-01  5.22759259e-01  5.71327329e-01
  5.05149961e-01  4.24377233e-01  8.55026782e-01  8.54271412e-01
  5.92772961e-01  9.07399058e-01  6.69626892e-01  6.25231445e-01
  8.32270145e-01  4.60235059e-01  4.85102773e-01  4.42145228e-01
  5.47184587e-01  6.43029928e-01  4.13186640e-01  4.81224954e-01
  5.88760436e-01  8.84586275e-01  4.28222179e-01  6.82442069e-01
  4.74102646e-01  8.47716808e-01  6.87917471e-01  6.67362988e-01
  4.65035915e-01  6.96095228e-01  5.07640123e-01  6.71415687e-01
  6.71209514e-01  8.68069947e-01  3.83472413e-01  7.47530282e-01
  9.18636441e-01  6.03228986e-01  7.00410962e-01  6.58097088e-01
  8.59363675e-01  1.29360962e+00  5.13284504e-01  8.73223662e-01
  7.96623111e-01  1.04552889e+00  6.78550363e-01  5.25277376e-01
  6.51269019e-01  8.50270748e-01  7.52888083e-01  6.52797878e-01
  1.19749284e+00  1.26105726e+00  7.34464347e-01  6.22850835e-01
  7.29946792e-01  7.01224148e-01  6.74921513e-01  4.07292128e-01
  3.61368805e-01  5.85381269e-01  6.34829104e-01  4.65748101e-01
  3.12768608e-01  1.18665671e+00  6.42611623e-01  4.76732731e-01
  5.61536908e-01  3.42620373e-01  3.70437443e-01  5.69493890e-01
  2.30599210e-01  3.75466228e-01  5.88064313e-01  8.71550202e-01
  5.12101471e-01  9.26592708e-01  1.35315228e+00  1.32909119e+00
  8.64904881e-01  9.35708046e-01  8.60926807e-01  1.19090259e+00
  8.88266802e-01  5.08611798e-01  1.23638976e+00  6.87054873e-01
  1.05954635e+00  8.55186343e-01  6.65748775e-01  5.80597281e-01
  5.61159551e-01  7.17923582e-01  4.95172262e-01  7.90217698e-01
  8.64022791e-01  7.19342589e-01  9.44510460e-01  3.40615422e-01
  1.06572008e+00  1.02760112e+00  4.81681228e-01  5.30943096e-01
  1.41760981e+00  1.04607475e+00  7.62843668e-01  4.28367376e-01
  5.40180624e-01  6.97615802e-01  1.05453348e+00  5.36003768e-01
  7.76231349e-01  6.91544294e-01  2.13853344e-01  6.38460159e-01
  8.43460798e-01  7.28409827e-01  6.96466804e-01  6.25029206e-01
  8.14347982e-01  4.83409166e-01  3.71405184e-01  6.99698627e-01
  8.21447790e-01  7.18560815e-01  7.59275317e-01  6.58281326e-01
  8.94473076e-01  5.56782782e-01  5.99934042e-01  9.95055497e-01
  3.21009368e-01  1.13528419e+00  9.47174311e-01  6.41214848e-01
  8.20130587e-01  8.13694656e-01  8.99659276e-01  6.65089369e-01
  7.53753603e-01  5.38822651e-01  5.37778139e-01  4.77503836e-01
  5.26646197e-01  9.51441705e-01  5.01052916e-01  8.21936786e-01
  5.17947793e-01  6.22795224e-01  7.87288666e-01  7.83701122e-01
  1.09198260e+00  1.20004404e+00  8.33065927e-01  6.10165596e-01
  5.17360330e-01  6.14675164e-01  8.49112570e-01  7.84065962e-01
  4.38757151e-01  4.17349249e-01  8.76080751e-01  5.34824610e-01
  7.54500747e-01  4.56468076e-01  9.12651062e-01  8.24717283e-01
  6.12539053e-01  7.77331233e-01  5.86840630e-01  7.24292040e-01
  6.84990942e-01  7.92063713e-01  5.94962418e-01  4.99996573e-01
  3.87700021e-01  6.98844671e-01  6.20063901e-01  5.87415218e-01
  6.31047249e-01  6.87123477e-01  7.62114465e-01  7.44189501e-01
  7.12421536e-01  1.11412263e+00  8.76115382e-01  6.21203899e-01
  9.79985714e-01  8.40037286e-01  6.06108904e-01  6.09157503e-01
  5.94464362e-01  9.26020741e-01  7.52295196e-01  4.58619475e-01
  7.72281468e-01  7.84521759e-01  5.13855517e-01  4.97510701e-01
  1.08297050e+00  6.75830007e-01  6.92572296e-01  6.88234389e-01
  1.09489167e+00  7.99251020e-01  6.97552800e-01  5.46035349e-01
  9.78502274e-01  2.62823373e-01  5.14612734e-01  5.25575578e-01
  8.09251845e-01  8.93029749e-01  6.63066447e-01  7.50835776e-01
  3.02026212e-01  5.32751560e-01  7.72240579e-01  6.97092533e-01
  7.64887571e-01  8.46930027e-01  9.06418979e-01  9.14176464e-01
  6.26669645e-01  8.11771691e-01  7.64705181e-01  4.00242567e-01
  1.00203121e+00  5.40141106e-01  7.22065747e-01  5.99065244e-01
  3.16487610e-01  5.41050971e-01  7.56866515e-01  4.81911838e-01
  6.75194740e-01  7.28200495e-01  6.32563293e-01  7.52308786e-01
  3.46239299e-01  5.89490652e-01  6.68484628e-01  6.52718306e-01
  7.52934158e-01  5.25386691e-01  6.19543970e-01  9.83857214e-01
  1.03589010e+00  6.62636518e-01  8.58292818e-01  7.57020831e-01
  6.48366213e-01  8.88481736e-01  8.02000523e-01  9.78842974e-01
  4.86469388e-01  5.43518543e-01  6.68476820e-01  5.93419909e-01
  8.34239841e-01  7.28826165e-01  8.21267247e-01  6.66776299e-01
  7.09678769e-01  7.36557543e-01  5.17837226e-01  7.70462513e-01
  5.04064143e-01  7.24689007e-01  3.61108541e-01  6.54306531e-01
  4.48999584e-01  4.64371383e-01  4.46292311e-01  5.63798130e-01
  8.09905708e-01  6.58433080e-01  5.94395220e-01  8.43757093e-01
  7.34285891e-01  6.76439762e-01  4.86357749e-01  7.22545683e-01
  6.54138446e-01  7.92519629e-01  5.18515408e-01  8.83731484e-01
  9.07114029e-01  1.09392202e+00  3.16098005e-01  5.42432189e-01
  4.75235492e-01  5.94230175e-01  7.36946762e-01  5.82840800e-01
  9.54823494e-01  7.10129917e-01  3.02084893e-01  7.18713939e-01
  1.22034705e+00  4.89030659e-01  7.69788682e-01  9.26101327e-01
  5.28036237e-01  8.22089911e-01  4.61595684e-01  7.40195453e-01
  6.09798372e-01  6.16095185e-01  7.19934404e-01  5.05211294e-01
  4.27036405e-01  3.30292642e-01  4.40548033e-01  6.87113404e-01
  3.65579873e-01  5.80110788e-01  4.59686249e-01  5.63059628e-01
  3.61246526e-01  5.93185365e-01  3.89859051e-01  8.13255787e-01
  7.81212151e-01  1.00291765e+00  7.06601024e-01  3.03948313e-01
  5.67427993e-01  6.81797266e-01  7.58525789e-01  8.35914493e-01
  5.65606892e-01  5.60307145e-01  6.08916640e-01  5.69495678e-01
  7.44316876e-01  7.13193893e-01  5.40109992e-01  6.29124999e-01
  9.29062247e-01  9.31507468e-01  6.98252976e-01  8.95200729e-01
  1.07591641e+00  5.47431052e-01  6.95340991e-01  5.85281968e-01
  7.45937645e-01  6.97334290e-01  5.97038150e-01  7.61146784e-01
  6.26475871e-01  8.15140188e-01  8.47535908e-01  8.97664607e-01
  3.75918061e-01  5.67297041e-01  6.74315453e-01  4.75166738e-01
  7.42317677e-01  9.93206620e-01  9.39638436e-01  7.60849178e-01
  6.99923456e-01  3.02596897e-01  6.87620044e-01  7.51415730e-01
  7.83725619e-01  2.73027688e-01  3.94345582e-01  7.28420794e-01
  4.08332169e-01  4.53340292e-01  6.38071597e-01  2.92083174e-01
  5.22385418e-01  3.09248298e-01  7.27002382e-01  7.98321784e-01
  7.85613358e-01  6.93288088e-01  7.55981743e-01  9.30603147e-01
  7.30828166e-01  4.57163751e-01  6.40514553e-01  7.66734242e-01
  4.51646328e-01  6.36731267e-01  6.85647309e-01  3.48602742e-01
  7.94851720e-01  5.45463204e-01  6.47010386e-01  9.07907486e-01
  7.49801934e-01  8.19999099e-01  1.04222965e+00  1.94333628e-01
  4.11670208e-01  7.21030235e-01  9.16692734e-01  7.92496026e-01
  4.07229453e-01  3.98852259e-01  9.60599244e-01  1.73334137e-01
  1.74906775e-01  5.31358480e-01  3.11615139e-01  2.49920234e-01
  5.37993014e-01  4.23578352e-01  4.45268244e-01  7.55606294e-01
  4.03884053e-01  7.51172662e-01  5.45530975e-01  7.42842376e-01
  1.05835199e+00  6.51527584e-01  7.87901640e-01  9.67181921e-01
  8.58194530e-01  1.02345884e+00  2.77031302e-01  7.57165432e-01
 -6.94022253e-02  6.55374944e-01  7.10316062e-01  7.34558642e-01
  6.55526638e-01  6.09824300e-01  5.21335125e-01  6.28384590e-01
  5.44788420e-01  5.34974337e-01  5.76395154e-01  6.88364446e-01
  5.63557267e-01  6.07041955e-01  4.69313741e-01  4.54710901e-01
  6.51624858e-01  9.54378366e-01  9.49426055e-01  1.08443153e+00
  6.56872153e-01  5.07530570e-01  8.14654768e-01  6.74455285e-01
  1.23975801e+00  9.55835998e-01  6.55578017e-01  8.17647040e-01
  6.54594541e-01  3.43240917e-01 -1.85203319e-03  2.19187558e-01
  6.94385648e-01  8.97936821e-01  1.02040672e+00  7.06500947e-01
  7.36342251e-01  9.39304233e-01  8.08745742e-01  9.27999139e-01
  8.69750500e-01  5.69618762e-01  6.93836272e-01  6.52056575e-01
  4.15573418e-01  8.35354030e-01  7.27830529e-01  6.61531329e-01
  5.68353415e-01  5.43968081e-01  5.96846581e-01  7.86196172e-01
  8.16049099e-01  5.98376334e-01  1.99261054e-01  4.05310541e-01
  3.97414088e-01  2.96574384e-01  3.16881776e-01  2.43208975e-01
  4.65987086e-01  2.00957775e-01  5.91015518e-01  2.83128411e-01
  2.52475709e-01  2.98623204e-01  4.15279806e-01  1.85008928e-01
  1.72794089e-01 -4.08211537e-03  3.33545476e-01  3.83515954e-01
  3.59444439e-01  2.15001822e-01  5.04764915e-01  3.65865797e-01
  6.22803688e-01  3.40090424e-01  5.86036503e-01  5.18315494e-01
  5.63273013e-01  3.47466469e-01  4.39957798e-01  3.39320362e-01
  3.12999189e-01  1.64148107e-01  4.55814183e-01  3.09411645e-01
  3.37727547e-01  2.88489550e-01  4.31920648e-01  3.49602699e-01
  2.08620191e-01  9.31280181e-02  1.87396288e-01  2.04865798e-01
  1.25410020e-01  4.28520411e-01  3.18984002e-01  3.09500247e-01
  3.97438437e-01  4.55051094e-01  4.01095480e-01  4.08206165e-01
  2.63783306e-01  1.33403361e-01  2.48453200e-01  4.38714713e-01
  3.79515022e-01  2.78452426e-01  3.44659656e-01 -5.76791875e-02
  2.55564004e-01  1.53588980e-01  6.93346977e-01  3.78069878e-01
  1.54478654e-01  5.23010910e-01  2.33567268e-01  6.45002723e-01
  3.99007708e-01  3.30898702e-01  3.44064087e-01  3.91534537e-01
  1.97049126e-01  1.65700808e-01  2.64664531e-01  3.20650339e-01
  3.83293957e-01  2.18389004e-01  4.42934871e-01  1.06441297e-01
  3.63527626e-01  4.30417269e-01  6.46435916e-02  1.79498985e-01
  1.73469037e-01  4.15756315e-01  3.60628277e-01  3.94063801e-01
 -3.59434448e-02  2.59874552e-01  3.53754103e-01  3.45233053e-01
  6.09301567e-01  3.54442298e-01  3.15917909e-01  2.88635671e-01
  3.61581504e-01  2.17953205e-01  3.62952024e-01  3.76292914e-01
  3.23161721e-01  1.87756643e-01  5.44250727e-01  1.68547690e-01
  5.17862201e-01  5.26327729e-01  3.53381336e-01  4.53627676e-01
  3.27162623e-01  5.89573145e-01  2.79218614e-01  5.95702231e-01
  4.76080149e-01  3.19933176e-01  1.92566365e-01  4.74433929e-01
  1.39698222e-01  3.35689187e-01  3.91077697e-01  4.84724343e-01
  3.18961203e-01  2.25583717e-01  3.84729654e-01  2.40152389e-01
  3.77718747e-01  3.36146832e-01  1.44121602e-01  3.98849189e-01
  2.79346526e-01  4.63036656e-01  4.22317445e-01  3.12187731e-01
  4.47833478e-01  4.61803943e-01  1.83174282e-01  3.54145288e-01
  3.63842845e-01  6.26492649e-02  6.02680504e-01  3.71593028e-01
  4.68277842e-01  1.70403615e-01  4.24631417e-01  3.12648833e-01
  2.94936687e-01  4.12526459e-01  4.88088340e-01  3.94633889e-01
  2.37606809e-01  4.50152129e-01  3.94487500e-01  3.73880416e-01
  2.36168236e-01  3.23254317e-01  3.65573823e-01  5.34662664e-01
  3.89108747e-01  5.69644272e-01  3.19491029e-01  3.29508632e-01
  4.65766609e-01  3.36547136e-01  1.76858529e-01  3.39664906e-01
  4.98963803e-01  4.32278931e-01  4.25190777e-01  2.29868963e-01
  2.15986103e-01  5.00964165e-01  1.59317732e-01  2.38935411e-01
  4.29305226e-01  4.89401758e-01  1.39583573e-01  5.46340704e-01
  3.50908756e-01  4.24618542e-01  3.78799856e-01  2.28050545e-01
  4.22690094e-01  9.85793695e-02  2.36032590e-01  2.87980825e-01
  1.75794214e-01  5.08737266e-01  5.84571958e-01  2.89006412e-01
  3.13167423e-01  6.01421893e-01  5.51142514e-01  5.47739804e-01
  2.88554281e-01  2.00792611e-01  2.19259828e-01  1.68446034e-01
  3.40651125e-01  3.62873912e-01  5.44042945e-01  6.25727236e-01
  3.90852779e-01  6.97764337e-01  6.10488117e-01  8.08148623e-01
  2.89930552e-01  4.79175031e-01  6.52114153e-01  2.60387212e-01
  2.75914282e-01  3.28816116e-01  2.44942874e-01  5.85994959e-01
  2.01702893e-01  2.92280525e-01  3.71723980e-01  7.74440825e-01
  4.38793033e-01  2.88926780e-01  1.04458578e-01  3.60533327e-01
  2.46711969e-01  3.78011048e-01  5.82462907e-01  4.41010386e-01
  3.25366497e-01  3.34215492e-01  5.18675089e-01  6.82050467e-01
  4.69672799e-01  2.99236119e-01  4.66645211e-01  2.92596281e-01
  2.20878661e-01  4.07933354e-01  6.00950718e-01  3.48680079e-01
  4.08325076e-01  3.66809636e-01  4.27604914e-01  7.42382765e-01
  4.44821328e-01  5.83435178e-01  6.34857059e-01  7.90465772e-01
  1.73575565e-01  5.91463149e-01  8.34763408e-01  4.19321597e-01
  6.19749308e-01  5.45178831e-01  6.91313148e-01  6.84949577e-01
  7.27586746e-01  7.31490076e-01  6.05608702e-01  4.31250006e-01
  3.88719171e-01  7.35313594e-01  8.36057544e-01  6.74735785e-01
  6.42179728e-01  4.97795701e-01  5.82814038e-01  3.67175370e-01
  4.73259926e-01  4.35478836e-01  6.97550952e-01  5.49282312e-01
  2.25728512e-01  2.78691143e-01  4.58469003e-01  6.80231810e-01
  4.48733300e-01  7.09730148e-01  5.53108752e-01  7.99737871e-01
  6.77296579e-01  5.90385318e-01  5.25693834e-01  9.12654459e-01
  5.72548270e-01  5.73356032e-01  6.48608446e-01  7.42137551e-01
  7.79888928e-01  7.87763298e-01  6.86801195e-01  9.89735961e-01
  4.08328652e-01  5.19652665e-01  8.00185740e-01  5.71568191e-01
  7.63791144e-01  5.81017733e-01  7.77381659e-01  5.38476050e-01
  7.74617434e-01  5.49184203e-01  7.36017644e-01  8.73588026e-01
  5.57464302e-01  7.98048913e-01  3.89969915e-01  4.63573903e-01
  3.37447524e-01  5.68463683e-01  4.20876533e-01  2.35142335e-01
  2.90573359e-01  5.96914828e-01  3.21220696e-01  4.95582104e-01
  3.02400023e-01 -3.88293490e-02  6.35749698e-01  4.40433800e-01
  6.56147540e-01  5.81140399e-01  6.90574825e-01  4.99782890e-01
  6.22125268e-01  6.23617828e-01  5.39049089e-01  4.52909052e-01
  7.50683665e-01  4.52099383e-01  5.02231658e-01  6.90805078e-01
  1.00260007e+00  4.23818856e-01  5.86105466e-01  6.03087962e-01
  5.45284390e-01  6.77802861e-01  7.46870220e-01  8.43271196e-01
  4.46337938e-01  5.21905601e-01  7.43600607e-01  5.43959320e-01
  3.70286703e-01  4.92095977e-01  5.45559287e-01  5.33268750e-01
  8.78713727e-01  5.25123537e-01  4.42607850e-01  5.91823578e-01
  5.51194668e-01  6.85438156e-01  5.88839531e-01  7.99316227e-01
  6.54993892e-01  6.72951818e-01  3.42828184e-01  7.79814184e-01
  5.08122683e-01  4.89022940e-01  6.10179186e-01  5.33295870e-01
  8.49094033e-01  6.92066073e-01  7.37547219e-01  5.79728365e-01
  7.07960606e-01  7.41423309e-01  5.11698127e-01 -4.93920455e-03
  5.09240925e-01  5.35426974e-01 -2.38736212e-01 -6.88567936e-01
  4.71519858e-01 -7.06757426e-01 -1.32635906e-01 -1.16682982e+00
 -1.45432556e+00 -1.68548810e+00 -9.92316961e-01 -1.09437299e+00
 -1.65939212e+00 -1.46634614e+00 -1.58562529e+00 -1.44117570e+00
 -2.46527314e+00 -2.15399408e+00 -1.45391965e+00 -1.13228035e+00
 -2.43382621e+00 -7.92457163e-01 -1.30181181e+00 -2.44703674e+00
 -1.73306978e+00 -1.16094387e+00 -1.15180302e+00 -1.72783172e+00
 -2.97693825e+00 -2.85101628e+00 -2.86365867e+00 -3.10751867e+00
  3.06953883e+00 -3.10968542e+00  2.95090175e+00  3.11099815e+00]
