[-1.314886   -1.0713098  -0.9326791  -1.2737881  -1.584914   -1.4278786
 -0.66042775 -1.3096368  -0.7503576  -1.3362677  -1.118067   -2.6173332
 -2.7415628  -2.1587536  -3.089849   -2.9625003   3.1097832   3.1047556
  3.0572674   3.041399    3.091824    3.0639293   3.0120807   3.1355643
  2.8678088   3.116527    3.1320899  -2.9412694  -3.0599205  -2.9347863
 -2.9487355   3.0719936  -3.033527   -3.0403695  -2.7738366  -3.0298774
 -2.923332   -2.9342957  -0.58181685 -2.2856252  -2.94727    -1.0861803
  1.0392598  -2.9298792  -3.0129943  -1.41736    -1.274612   -1.6529777
 -2.323235   -2.413895   -3.0382178  -1.9079319  -3.0576081  -1.2825936
 -1.1022538  -1.0092226  -2.8496783  -1.0368822  -0.7276064  -1.6338979
 -2.963078   -2.3615851   0.5872542   3.1139157   1.347075    2.2177386
  1.1480751  -1.7123684   1.8334181   1.8046315  -1.7809381   1.3952698
 -2.8387733   2.0123186  -1.0842961  -1.0589978   1.4410809   1.4485275
 -0.09705923 -0.845338    2.972684   -0.7860529  -1.0878458   1.058954
  2.8236742  -2.5161054  -1.9341114   1.0015321  -0.2740606  -0.44243625
  1.4830382  -2.8446639  -2.3503795  -2.709697   -2.984412   -2.5876591
 -2.7039669  -2.8477442  -2.4781692  -2.7661607  -2.8742454  -2.882438
 -2.4133732  -3.1187685   1.818178   -2.6770675  -2.826612   -2.9858537
  1.5578583  -1.9795946  -2.9191983  -2.634541   -3.040096   -1.0184424
 -0.9968272   1.6637857   0.23622167 -0.56248295 -1.2469074  -0.9574305
  2.7467508   0.8239136  -2.5773172  -2.1250606  -0.6444715  -1.6214769
 -1.3117075   1.1246461  -0.7295653   0.08657452  0.69065046 -0.5162191
 -0.32368818  2.855538    0.8855459  -0.5934348  -0.46820626 -0.33228374
 -0.81283504 -0.82132477 -2.9762864  -3.06185     1.1803617  -0.91770905
  1.0103033  -1.8597852   0.8921885   1.0717584   1.0883507  -2.0207148
 -0.345315   -2.0082843   2.6607895   1.508623   -0.516157    0.98546606
 -0.9115042  -2.43192    -0.4243519  -2.745995   -0.06847284 -2.1503963
 -3.0518944   1.359546   -0.5502844   0.16542861 -2.6805334   2.9237726
 -1.2474155  -2.2581322  -2.2443657  -1.281276   -1.0358407  -2.2081907
 -2.0383296   1.1958842   1.0508542   0.7287613  -0.72416526  1.5962498
  1.0855501  -2.8485842   1.3854773   2.737181    0.57746255  1.3417418
  1.7415824   0.8781916   0.69396234  1.782454    1.4377898   1.6015091
 -3.0418572   1.287272   -2.9539363  -0.642095   -0.7448761  -2.1701164
  1.4732151  -1.5140392   3.1398768  -1.0566943   1.4141817  -1.0894351
 -1.7184013  -1.2459117  -1.1681418   1.2095256   1.8719633  -1.8607911
 -0.87057126 -2.7476637  -2.7162833  -2.4821098   0.98307353  1.3257239
 -2.4710412  -1.1621364   1.3222816   1.434873    0.80632186 -0.9168235
 -0.6554705   1.7858751  -2.099626    1.4035048  -2.0834532  -2.4577582
 -1.0925195  -2.3301315  -2.4529533  -1.4682114  -2.3963227  -2.5049958
  1.7315562  -0.30899957 -0.52283645 -2.0130866  -2.298792   -2.5355072
 -2.6405194  -1.4578438  -1.1877382  -0.74147105 -0.8326427   1.4497325
  1.0074124  -0.7681635  -2.2089596  -0.89295405 -2.6743433   1.9230436
 -0.7618451   1.418568   -2.362801   -3.101098   -2.456992   -0.8826447
  1.5814801  -2.2602906   0.9693608  -2.3757327  -2.1298249   0.831417
  1.1409335  -0.02885762 -2.8486848  -0.77164555  0.7950231  -1.1216735
  0.8772233  -0.5771349   0.11948659 -0.8395647  -2.8960667   1.5072074
 -2.3409019  -1.1622818  -2.7427275  -1.6613756  -0.68913835 -0.8173361
 -0.80777717 -1.0352591  -0.5788325  -0.40345263  0.91441715 -1.8192563
 -2.5766654   0.9824043  -2.5550394   1.6470327   1.1536555  -2.0889244
  0.7673422  -0.7972731  -1.0445592   1.544557   -1.4872664  -1.1448557
 -0.24092339 -0.7598274   2.060677   -0.5561071  -1.3361884  -0.84720457
  1.1603247  -2.894803   -2.8139043  -2.7988267  -2.8029428   1.0404593
 -0.8300699   1.1590903  -0.7671262  -0.4697097  -2.5179608  -1.6049957
 -1.046611    0.47385052  1.1774944  -2.3701777   0.7166634   0.50460017
 -2.7706313   1.6860672  -0.4580586   0.7480752  -0.9431279  -2.5477314
 -0.43233824 -3.127254   -2.5312123  -2.5600333  -2.6749501  -2.7143364
 -2.2475867  -2.6083326  -2.4930375  -2.9044304  -2.6049619  -2.206558
 -2.613677   -2.3160057  -1.8001796  -2.3858407  -1.2797911  -1.8089339
 -1.0288829  -0.72141826 -0.74821883 -0.781376   -0.8618164  -0.81379026
 -0.90990245 -0.99825543 -0.6164142  -0.9285614  -0.72823316 -0.82182693
  1.1757306   0.9667166   0.65579903 -2.574937   -2.8913126   2.6990185
 -0.49074405 -2.6058989   1.2803807  -2.554027   -1.4824499  -0.45091063
 -2.5486984  -2.37603    -2.635253   -2.7214618  -2.765868   -2.8790805
 -2.8329585  -2.6229513  -2.9772801  -2.9934657  -2.7119598  -2.1318505
 -2.845958   -2.6046855  -2.70586    -2.7337658  -2.8233795  -2.9413242
 -2.7364013  -2.7421637  -2.6595922  -0.8524134   1.4492638   0.8038231
 -1.7931204  -2.8570645  -1.2484276  -2.4696612   1.0049341  -2.7409487
 -3.0129206  -2.810916   -2.9366584  -3.0037234  -2.921482   -1.3319645
 -0.41362363 -1.1809838  -1.4156741  -1.4917045  -0.5082383  -0.85602784
 -0.67453915 -2.4564564  -0.87338775 -0.7100494   2.5619302   1.939916
  1.2460172  -1.0563468  -1.001614   -1.9713287  -2.6209428  -2.722897
 -2.7275062  -3.0020952  -2.76511    -2.686076   -2.6887558  -2.945849
 -2.4173617  -2.6418333  -2.7315893  -2.497804   -2.5874915  -2.6168804
 -2.776155   -2.7642033  -2.8368516  -2.9185488  -0.58084804  0.6479248
 -3.0056536  -2.7928994  -2.6922102  -2.687424   -2.879224   -2.7907007
 -2.8421755  -2.7877586  -2.8057537  -2.7436643  -2.7626164  -2.7595048
 -2.7628226  -2.7474544  -2.1870093  -1.0764976  -0.8470244  -0.796528
 -0.60708     0.913177   -1.1362475   1.361003   -1.8038242  -2.4747787
 -1.0591073  -2.857584   -2.8691385  -2.7782977  -3.027967   -2.5781112
 -2.961859   -2.479093   -2.889807   -2.9478092  -3.00572    -2.8579865
 -2.8016157  -2.6346602  -2.7885804  -2.836731   -2.7669249  -0.9854917
 -1.2770975  -1.4107877  -1.3934885  -1.4489517  -1.0932473  -0.9226251
 -0.7351681  -0.35525268 -1.0017511  -0.9367293   0.9502595  -2.7467203
 -0.9224939  -0.80033356 -1.1319901  -1.262896   -1.4516613  -1.5538266
 -1.685415   -1.0712112   1.3178225  -0.8458533  -0.86537975 -0.9857238
 -1.1426816  -1.4290183  -1.1571105  -0.541967   -0.6932261  -0.5443345
 -1.33852    -1.7003638  -0.64522386 -0.7770795  -2.5507045  -2.5453172
  1.0415237   1.3728142  -0.7157534  -2.1105802  -2.499616   -2.4973133
 -2.5234737  -1.3842332  -1.3791575  -1.5386657  -2.2843997  -0.9023555
 -1.0763196  -0.81237817 -0.5963628  -0.88505095 -1.2709717  -1.2397065
 -0.69722134 -1.1626141  -1.1837876  -0.8815545  -0.58631474 -0.9977952
 -1.1395282  -0.74316496 -0.9749385  -0.7236874  -0.7950895  -0.7317918
 -1.1767359  -0.9008571  -1.53163    -0.9899143  -1.1279372  -1.205634
 -1.03944    -0.791835   -0.96938014 -1.1940343  -1.0761418  -1.33983
 -1.0187159  -0.9953932  -1.1444042  -2.4718134  -2.5857458  -2.1657755
 -1.2886903  -0.6647935  -1.0537658  -0.8348935  -2.7194118   0.62724125
 -2.9228354  -2.6047502  -2.822178   -2.7771635  -2.7732663  -2.7945435
 -2.5031016  -2.812568   -2.6051333  -2.7965968  -3.0630953  -2.7284484
 -2.6499672  -2.8428473  -2.626083   -2.9418988  -2.5626273   3.124249
 -2.608716   -2.7896023  -2.81077    -2.6352987  -2.5001335  -2.781373
 -2.7129614  -2.6022148  -2.0997472  -2.5900743  -2.5400803  -2.7772815
 -3.0285432  -3.0125248  -2.9732885  -3.0307457  -2.898121   -2.5185828
 -2.8316762  -2.433887   -2.7491095  -2.7915225  -1.996681   -2.5584364
 -2.3677182  -2.4682567  -2.2052615  -2.6382127  -2.5173903  -2.084851
 -2.7440236  -2.6718335  -1.3995019  -1.2257254  -1.4016063  -1.4200947
 -0.9413473  -1.103197   -1.0482361  -1.2156855  -1.2189009  -1.2285844
 -1.1084492  -1.1383381  -1.220088   -1.3529656  -1.5292056  -1.1312726
 -1.3400493  -1.1431588  -1.0476682  -1.0523492  -1.0330757  -1.051501
 -0.7749682  -1.070851   -1.1278201  -1.1234465  -1.0609251  -1.4398677
 -1.4543153  -2.2499568  -2.2770553  -2.4960895  -2.1762483  -1.6488401
 -2.8601294  -1.9375398  -3.0876648  -2.397627   -2.6694267  -2.9868662
 -2.9008567  -2.7454708  -2.5384667  -2.5080483  -2.6589077  -2.9412513
 -2.9186761  -1.92197    -2.907994   -2.5327039  -2.362162   -1.9670644
  3.0349967  -2.7881513  -2.7109985  -2.5692627  -2.620854   -2.748433
 -2.6577265  -2.7645142  -3.0856783  -2.7701554  -2.6918352  -2.9217808
 -2.8196437  -2.6009266  -2.662519   -2.9100852  -2.9833775  -2.8094442
 -2.6958652  -2.6704876  -2.8248858  -2.6656666  -2.97999    -2.41747
 -2.6224964  -2.774141   -2.7585564  -2.4175558  -2.6217341  -2.6889632
 -1.6502678  -2.2609615  -2.9221575  -2.8647172  -2.7826147  -2.867023
 -2.3733013  -3.0284622  -2.6251867  -2.766473   -3.0571518  -2.707521
 -3.082049   -2.7877986  -2.740904   -3.0774708  -2.8236916  -2.872659
 -2.765104   -3.0872386  -2.794332   -2.6101356  -2.6275449  -2.7921126
 -2.5814517  -1.3694347  -1.3891809  -1.6859076  -2.5461361  -1.2198274
 -1.0905037  -1.175723   -0.9990534  -1.1325332  -2.9141123  -2.808765
 -2.6544523  -2.5394623  -2.8320315  -2.9029994  -2.5443726  -2.645994
 -2.7381992  -2.876597   -2.3753915  -2.3741252  -1.5095861  -2.2911336
 -2.5567677  -2.5592191  -3.010389   -2.8926878  -2.9498162  -3.1411548
 -2.949709   -3.0394018  -2.8517623  -3.1028981  -3.121743   -2.9958727
  3.0973098  -2.6558611  -3.0252786  -2.847576   -2.9777842  -2.9790502
 -2.7251198  -3.007704   -3.1368988  -3.0862076  -3.0559847   3.1107514
 -3.0314362  -2.9561267   3.1203983  -2.8093338  -2.5669732  -2.824801
 -2.461463   -2.838096   -3.1194181  -3.060879   -3.0925837  -2.8850846
 -2.9278493  -3.0640557  -3.0226605   3.1285717  -2.6518385  -2.8191404
 -3.0907512  -2.9849615  -2.272358   -2.681339   -2.62003    -1.2648937
 -2.2876945  -2.7257016  -2.7356646  -3.1246316  -3.0266178   3.1405008
 -2.8714654  -2.7004766  -2.9278462  -2.644162   -3.0819461  -3.098497
 -3.0193133  -2.9111216   3.0759685  -2.93699    -2.5995953  -2.8857017
 -3.0611973  -2.652585   -2.7559993  -2.939117   -3.1105564  -2.7772565
 -2.631668   -2.6081727  -2.9859161  -3.02881    -3.0551243  -2.710703
 -2.796166   -2.816193   -2.741682   -3.0826306  -2.6711957  -2.3697047
 -2.5391474  -2.2505286  -2.2991138  -1.2493559  -1.0754385  -0.66624993
 -1.0043503  -1.1442431  -1.213139   -0.9750367  -1.1707678  -1.2522602
 -0.92571497 -0.8234977  -2.8948758   1.4207664  -2.016753   -0.41627988
 -1.7763071  -2.0634112   1.429515   -1.6921252  -0.6638347  -0.6598431
 -0.98204696 -0.6849784   2.938597    1.5421504  -1.6042008  -0.91664237
 -0.25879303 -2.4836893  -0.74369895 -0.8213541  -2.2581673  -2.6971312
 -2.0784116  -1.1736734  -2.897278   -2.0418162  -2.6784878  -1.1467865
 -0.77377754 -0.49402705 -1.4406173  -2.2750196  -2.345155   -2.7778559
 -2.1083515  -2.9560409  -2.8243575  -2.409703   -1.5660503  -2.5715284
  2.2171752  -1.9689541  -0.22332697  2.6376762   1.8713324  -1.1889315
  2.5443625  -2.643725   -2.6063614   2.6313455  -2.484506    2.7539108
  2.3679733  -0.23116809 -2.4168034   0.97192645 -2.1064816   0.51888144
 -2.3900244   1.3185445  -2.1697114  -2.8648157  -2.3261766  -2.1050377
 -2.2112603  -1.7644361   2.3102126  -2.5673623  -2.6181152  -2.5679433
 -0.16733389  1.5219615  -1.8231341  -0.662619   -2.040307    0.85747445
 -2.4447944  -0.7245927   1.1667633   1.1330637  -2.7513354   2.2154732
 -2.6914895  -0.52830863  1.9269243  -0.23523623 -0.980624   -0.5068197
  1.2453599   3.0097477  -1.5259776  -1.8438628  -1.0960767   1.3353013
 -2.6454825   0.8857281   3.1164849  -2.2363381  -1.3955786  -1.2364993
  1.5871192  -2.5344806  -2.4819107   1.1804807   2.8458276  -1.1953275
  1.2051739  -0.6198893  -2.0801208   2.2199812  -0.7096943  -0.542189
 -1.4120786  -1.9902925  -2.3650472  -2.9466183  -2.5038776   1.6222134
  1.171406    2.8366694  -2.1363292   1.5467721  -0.13595238 -2.0400944
 -2.860082   -2.162145   -2.9307668   1.6063868   1.6860435  -2.646878
 -2.6410046  -0.58170056 -1.1221851  -2.1067848  -2.6561618  -2.0935626
 -0.7434009  -2.1153731   2.0953827  -0.31426388 -2.7882483   0.2372128
 -1.0743214  -2.499262    1.271636   -1.0617694  -2.2674248   1.2360564
 -2.5795329  -2.4858003  -0.7491772  -2.26742     0.4596002   2.284074
  0.0796386  -2.1359167  -1.054574   -0.56673     1.2180407   1.6652539
 -2.8927145  -2.1295614  -2.2876053   2.1955776  -2.7270114  -2.6099434
 -0.61226165 -2.718631   -2.8105803  -0.08981694  0.16427891  2.1981254
  1.6594759   1.0466276  -2.066235    0.601289   -2.4911797  -2.1349406
 -0.8593946  -0.59299535 -2.7482455  -3.134749   -0.7293884  -0.6853049
 -2.5161033  -0.3841868  -2.4748445  -0.423507   -0.3875843   1.2111515
  1.4773691   1.5152601   0.55523944  1.152447    1.2230997   1.1072203
  1.190453    1.046795    1.3734925  -0.8502847  -0.6343059  -0.87641823
 -0.7136213  -0.68809015 -0.51295793 -0.67587155  1.2383049   1.5706314
  1.5720407  -0.9408732  -0.5784596  -0.747159   -0.8503041   0.4118421
 -1.1617569  -0.96908146 -0.96090525 -0.90389407 -0.7455154  -0.8356965
 -0.52613264 -0.87347513 -1.0351958  -1.0426831  -1.1048946  -0.92409325
 -1.121557   -1.0406741   0.0180677   1.1901557   1.0665284   0.8018124
  1.2444086   1.0812268  -2.4296284  -2.5245118  -2.6134472  -0.92742723
 -0.7492623  -0.9273968  -0.84499925 -1.0727973  -0.8380144  -0.8706035
 -1.0870768  -1.3776022  -0.93980473 -1.5326506  -0.9736328  -1.1378994
 -1.0130336  -1.1113231  -1.6927195  -1.0483512  -1.0495445  -1.0741444
 -0.9738432  -1.1263429  -1.1031324  -1.277791   -0.9706457  -1.0975422
 -1.2606325  -1.0993971  -1.1779617  -0.9655723  -1.1170746  -0.98361945
 -0.8791456  -1.2150071  -1.2272981  -1.4413449  -1.0091052  -1.3447769
 -1.0457149  -0.88343215 -1.2534566  -0.8608088  -0.8234834  -0.91975135
 -0.80949247 -0.9389686  -1.0095686  -0.83958876 -1.0094609  -1.160099
 -1.3433644  -1.1834922  -0.7784644  -1.1554931  -1.2668829  -0.81272966
 -0.66667825 -1.2238355  -0.8021491  -1.0927154  -0.8877614  -0.94664764
 -0.5796494  -0.6391548  -0.71389246 -2.7329016  -1.2328087   1.409517
 -2.8695168  -0.52200615 -0.62371385  1.2150152  -3.081582   -2.3322396
 -0.83920395 -0.91942227 -1.5017967  -1.4418396  -1.063823    0.84919214
 -2.6188328  -1.4887096  -0.9325373  -0.5482138  -0.45875993 -2.7610195
 -2.705654   -2.7061424  -0.9351599  -2.839631   -2.653533   -2.7326217
 -2.2321334  -2.9785807  -2.8087878  -2.7560806  -2.7606494  -2.5854826
 -2.6730194  -2.6836925  -1.6180898  -0.21078534 -2.5632792   1.6742538
  0.8202675   1.5052794  -2.798432   -2.7475488  -0.7563729   1.1575801
  1.6017253  -1.6140865   1.006956   -1.0970765   0.9040805   2.0357857
 -0.98482794 -2.7328591  -2.1801767  -0.6400625  -1.9556184  -2.7526398
 -0.6844617  -0.9708312   1.1037487  -2.794879   -0.9888373   0.7088006
 -2.8781223  -0.81099033  1.061782   -0.7685846  -0.43898135 -2.021294
 -0.6752314  -0.91834354  0.93789524 -0.9484093  -2.185358   -2.7562191
 -2.4096358  -2.1725504   2.3449636  -0.8907367  -1.1497245  -2.8963041
  1.0267625  -0.83634484 -2.3213801  -1.174759   -0.66330886 -0.9310206
 -1.0491434  -0.97306085  1.2881699  -2.7807708  -0.5463601   0.93452233
 -2.054932   -0.9394288   1.356398   -1.3298211  -0.65746766 -0.9523162
 -0.91534245 -0.8462912  -0.8443465  -0.9488486  -0.98191684 -0.99289453
 -0.98592734  1.3528442  -2.7697074  -2.732356   -0.87089473 -1.2751524
 -0.842561   -0.9504211   1.1796556   1.1366266  -0.8402317  -1.13414
 -1.0017749  -1.3501072  -0.9122183  -0.8703731  -1.1765622  -1.0962895
 -1.6652316  -1.4311441  -1.4268364  -2.096558   -1.0603633  -1.5177629
 -1.2891586  -1.3471116  -1.1782982  -1.3952025  -1.1996593  -1.407218
 -1.2861073  -1.1480675  -1.2842288  -0.753326   -0.7474817  -0.97521806
 -1.2027476  -1.265386   -0.947498   -1.2942628  -1.2881207  -1.0497105
 -1.0900971  -1.4831053  -1.095196   -1.0492244  -1.3152204  -1.0850233
 -1.0912507  -0.9896855  -1.2356532  -1.3441826  -1.0404598  -1.3615291
 -1.0824919  -1.2551619  -1.2448184  -0.9897987  -1.3695408  -1.2499175
 -1.2315434  -1.1044219  -0.9174795  -0.91286284 -1.0014943  -1.5120537
 -1.3027647  -1.0984186  -0.98856443 -0.9188192  -1.1840124  -1.0143616
 -1.2206563  -0.985016   -0.71991575 -1.1213752  -0.9975321  -0.8643348
 -0.729426   -0.89570814 -0.7698023  -1.059879   -0.79941523 -0.916693
 -0.64519805 -1.0351928  -1.0089648  -1.1683013  -0.8175359  -0.91192335
 -0.9457314  -1.0068322  -1.248626   -1.1285399  -1.202389   -1.0934782
 -0.9885955  -0.7867486  -1.1669128  -0.8484099  -1.2021118  -1.216103
 -0.8332633  -1.1436858  -1.0847784  -0.8801893  -1.1154789  -0.82028544
 -0.7750352  -0.82166386 -1.3942676  -1.1573385  -1.2356262  -1.7744081
 -1.1558034  -1.7316353  -1.3610942  -1.3906188  -0.9946719  -1.3228829
 -1.3272028  -1.4273748  -1.6516323  -1.2071934  -1.0816214  -0.8366901
 -1.9042072  -1.5520945  -1.2764689  -0.98924565 -1.2780404  -1.0421454
 -1.0241398  -0.8474807  -0.79973537 -0.7090904  -0.8286808  -0.9130327
 -0.85132796 -0.8239888  -0.6563264  -0.74037147 -0.9157978  -0.541645
  1.0038319   0.75769    -2.4424467  -0.8835269  -0.8462928  -0.43144625
 -0.79908526 -0.75144994  1.1648338  -0.89440554 -0.7520628  -0.8698647
  0.7857277  -0.5891801  -0.53484917 -0.9041356  -0.90898514 -0.8843341
 -0.87495184 -0.78874993 -0.8157989  -0.5945081  -0.74420696 -2.9633222
 -2.5582867  -2.4722102  -2.8362446  -3.0662415  -3.019315   -3.1082163
 -2.2149549  -1.7834454  -1.5217317  -1.2994294  -1.6053222  -1.1220853
 -1.3195348  -0.8969954  -0.35621566 -0.8870536  -0.6881556  -0.74091566
 -1.0594014  -0.97512144 -0.68930423 -0.50155693 -0.7081615   1.3519177
 -0.6776592  -0.6650068  -2.3323421  -0.7088175   1.326991    1.6146706
 -3.0945375   1.1079333   1.4760545  -1.2365544  -0.5818613  -1.6420652
 -0.82249844 -0.58179015 -2.9424882  -2.7903817  -2.5294354  -2.8759778
 -2.7264612  -0.8546279  -1.2178739   0.10585231  2.4744604   2.4523792
 -0.7457598   1.2733843   1.2838293  -0.63185346  1.4209639  -2.5129125
 -0.6409475  -0.6683306   0.9074436  -1.9083899  -2.3723786   2.1780179
 -1.970436   -1.5797819  -0.99240184 -1.4074043  -2.7528362   3.0245895
  1.0943342   1.0603273  -0.73154914 -0.736233    0.6223384   1.7713013
 -0.9120887  -2.882419   -1.471926   -0.66923976 -0.5826529  -2.7091231
  1.4897189  -1.6705248  -0.9256066   2.7101827  -1.0156447   1.4125569
 -0.6370805   1.1483923  -0.14135121 -2.847852   -2.2966285   1.6140283
  0.515387   -0.6796868  -2.9018912  -2.434245    1.323227   -2.5897288
 -2.5207186  -1.2857581  -2.8626266  -2.506544    2.2508483  -2.5509691
 -2.4941764  -1.1614583  -0.7957816   0.39404178  1.5111334  -0.82450396
  0.16556275  0.8983749   0.64898604  0.8779034   0.9808508   1.0738988
  1.7692428   1.1945937  -2.645349   -0.71169144 -0.7063799   1.5445714
  1.5675442   1.717133    1.6662588   1.7666608   1.7169683   2.017381
 -0.84501743  1.3690441   1.6258557  -2.7335644  -2.7354438  -3.0935118
 -2.5648122  -2.6919444  -2.4173846  -1.3794644  -0.97064215 -0.9797058
 -0.90743136 -0.8242261   0.8812108   1.0196369   1.6560215   1.4313463
 -2.661135   -2.5133097  -2.8609376  -2.8350806  -0.9275216  -0.9344833
 -0.87055194 -1.0846887  -1.0181639  -0.5258802  -0.8526994  -0.683632
  1.5569905   1.6320816   1.5968175   1.3778896   1.9900477  -2.8357153
 -2.7965672  -2.8056743  -2.5155444  -2.5709946  -2.1279826  -2.8462067
 -2.7469406  -2.8127544  -2.7599225  -2.9670231  -2.7882438  -2.8155477
 -2.6420674  -2.6814475  -1.3382668  -1.983693   -1.4787428  -2.8564034
 -2.9609933  -2.912536    3.11258    -2.812957   -3.0478985  -3.029205
 -3.080748   -3.064534   -3.0151117  -2.697293   -3.1089694  -2.9112873
 -2.6908226  -2.7716515  -2.634461   -1.6454473   1.4428797   1.8816478
  1.994812    1.80949    -2.833539   -2.9158654  -2.9906917  -3.0808766
 -3.109354   -2.825459   -3.0761352  -2.9667516  -2.8869925  -3.053897
  3.117788   -2.8492208  -3.044716   -2.9568617  -2.5507708  -3.0976348
 -3.0928948  -2.9658833  -3.0364912  -3.0869174  -3.0160725  -2.759994
 -3.0705047  -2.9631367  -3.0421731  -2.9976106  -3.105825   -2.824772
 -3.0170245  -3.1051097  -3.0487137  -2.972963   -3.0629919  -3.1402433
  3.1261926  -3.0290852  -3.0727005  -3.013567   -2.8197815  -2.941889
 -3.1098607  -2.7465153  -3.0871954  -2.9949162  -3.0290036  -3.0271406
 -3.0301135  -3.102301   -3.103802   -3.0338507  -2.9861093  -3.1210043
 -3.068938   -3.0452983  -2.7902317  -2.9808278  -2.8971415  -3.0767784
 -2.9893658  -2.485427   -3.116948   -2.9248664  -2.8643153  -2.7113848
 -3.1070495  -2.9001267  -3.028281   -2.5802     -3.0662243  -2.9581213
 -3.1401923  -3.0687902  -3.0526226  -2.8211439  -2.9507332  -2.7391021
 -2.8009207  -2.8295422  -2.859003   -2.9613547  -3.030239   -3.0489461
 -2.7174554  -3.1185558  -2.8376667  -2.6855476  -2.9333618   3.1161263
 -2.9869785  -2.9612699  -2.9944184  -3.1163464  -2.8895605  -2.9712453
 -2.9076898  -3.103915   -2.8975947  -2.7177863  -2.849882   -3.045604
 -2.9112186  -2.9924593  -2.850143   -2.7042546  -2.930915   -2.9679327
 -2.5644462  -2.9831655  -3.0975342  -2.9286945  -2.9733315  -2.8518481
 -3.095106   -2.8529825  -2.885174   -2.7436578  -2.4459357  -2.6996155
 -2.8133128  -2.8255558  -2.68411    -2.4605772  -2.693728   -2.804709
 -2.5608459  -2.8463264  -3.0857363  -2.8518763  -2.6214437  -2.8051033
 -2.9243789   3.1202223  -2.6363208  -3.0186925  -2.8801665  -2.8426301
 -2.3712955   3.132556   -2.8965054  -2.6943696  -2.4569087  -2.931324
 -2.947195   -2.9429984  -2.9640546  -2.7476518  -3.004892   -2.8158672
 -2.98596    -2.9172475  -3.0237641  -3.0691354  -3.0985203  -2.9863296
 -2.796484   -2.9940593  -2.9329917  -2.8804574  -2.624013   -2.6294026
 -2.8616765  -2.90156    -3.0596218  -3.003864   -2.7971492   3.1250632
 -2.9340935  -3.003882   -2.5030298  -2.7956676  -2.9655666  -3.1394045
 -2.6028686  -2.8002322  -2.8570309  -2.7976573  -2.9375846  -2.7789195
 -2.7667003  -2.9451978  -2.9358964  -2.812762   -2.7320104  -2.417303
 -2.8059387  -2.7701192  -2.8756335  -2.5624676  -2.8756716  -2.8824453
 -2.8375702  -2.6332119  -2.7485366  -2.7941902  -2.5579174  -2.8808231
 -2.5070453  -3.0713606  -2.4288456  -2.5968285  -2.2645829  -2.7194324
 -2.9444408  -3.0437124  -2.2751117  -1.1892872  -0.81273526 -1.1139085
 -0.8569224  -0.93706995 -0.8508048  -0.84853685 -1.1269224  -0.95053536
 -0.9265963  -1.0639812  -0.79940915 -0.8006991  -1.0766025  -1.0869532
 -1.065917   -0.69946545 -0.72682154 -0.75153923 -0.9054491  -0.6673865
 -0.79251856 -0.73377883 -0.8393324  -1.1215656  -0.82915854 -1.0172547
 -1.1120726  -0.9206926  -1.0331861  -0.8520736  -1.0516852  -0.746295
 -0.8281214  -0.8519263  -1.0219756  -0.9203283  -0.99792165 -0.7825739
 -1.1124548  -0.87351704 -0.7362884  -0.82403016 -1.0436401  -0.71266884
 -0.9671259  -0.7377361  -0.8773315  -0.85740304 -0.87438023 -0.7249267
 -0.897689   -0.8451226  -0.84847385 -0.9995091  -1.0263432  -0.89092267
 -0.632178   -0.84909904 -0.85338897 -1.0012131  -0.7979106  -0.6955447
 -0.8248578  -0.8084993  -0.9010031  -1.0347526  -1.3623639  -0.8758302
 -1.0164108  -0.8100584  -1.0110313  -1.0629786  -0.8580587  -1.165725
 -0.9997383  -0.92523843 -0.8955641  -0.8557559  -0.71551734 -0.94338137
 -1.041325   -0.7736753  -0.6943402  -1.0590758  -0.79137766 -0.9852829
 -1.0236143  -0.9709873  -0.7230783  -0.78629524 -1.005289   -1.105292
 -0.8220375  -1.0822723  -0.7187261  -0.86118376 -0.71235126 -0.7955221
 -0.9150545  -0.6279619  -0.6373785  -0.7970503  -0.9357305  -1.0733105
 -0.9952358  -0.8840882  -0.657612   -1.0028079  -1.2270135  -0.99646413
 -1.17541    -0.91354173 -0.91967094 -1.1699778  -1.1029499  -1.181535
 -0.9535692  -0.85457575 -0.9408226  -1.0261415  -1.1165318  -0.9620696
 -1.2611197  -0.90817624 -1.1270692  -1.0503968  -0.88988113 -1.0351627
 -1.1543438  -1.6245838  -1.1813991  -1.0834442  -1.3558674  -1.3139739
 -0.94503415 -1.2543885  -0.9726632  -1.122901   -1.2107642  -1.1720259
 -1.3746256  -1.3223717  -1.1208885  -1.1912848  -1.2942708  -1.1247554
 -1.2210196  -0.96852535 -1.2165146  -1.2379017  -0.88295126 -1.439922
 -1.089958   -0.97887385 -1.010264   -1.3900919  -1.2113302  -1.1497835
 -0.82992053 -1.1588974  -1.1323507  -0.7932383  -1.2811946  -0.9676994
 -0.941437   -0.950316  ]
