[1.1767123  1.0511534  1.0532564  1.1371949  1.0260168  1.352413
 1.0880898  0.9375546  1.133297   1.0971222  0.9470529  0.95939285
 1.0267353  0.7563399  0.8435563  0.8251713  0.7712772  0.7613048
 0.6616471  0.8156161  0.98021996 0.8280781  0.79423285 0.97005415
 0.94422793 1.0852942  0.9220219  1.0124097  0.90002674 0.9734626
 0.8884033  0.91249824 1.0277187  1.0951074  1.0444292  1.1380061
 1.165485   1.2050834  1.3881518  1.3362212  1.2848777  1.3883867
 1.5466404  1.2229317  1.1579069  1.2854748  1.1655531  1.1317061
 1.2973976  1.1547348  0.91980934 1.0279996  1.1848633  1.1115222
 1.2208683  1.1919678  1.4092053  1.2125636  1.3363333  1.6851648
 1.7760674  1.788188   2.3000853  2.4020944  2.4604814  2.3466175
 2.3575125  2.2763817  2.2107637  2.1492794  2.389017   2.392058
 2.5422342  2.2921019  2.0149949  2.187962   1.9941052  1.8429983
 1.9521029  2.2211928  2.2749064  2.2601652  2.2415164  2.3303108
 2.3531122  2.4386826  2.447376   2.2385623  2.1531353  2.1595802
 2.2253995  2.1785216  2.1287973  2.0852523  2.0644224  1.9521898
 1.8804208  1.7438003  1.997437   1.9368521  1.9767871  1.8972462
 2.104037   1.8478014  2.1119137  1.9912244  1.895746   1.9270202
 2.1277094  2.0504804  2.0895743  1.9699612  1.7679654  1.7654393
 1.8656491  1.7208246  1.9139729  1.9016044  2.1599665  2.0491135
 1.9398308  1.9338882  1.9822284  1.9313437  1.8443696  1.9261526
 1.8622221  1.8856862  2.0266094  2.068708   1.9924412  2.051171
 2.071      2.0133536  2.1401238  2.2015104  2.065815   2.2373123
 2.252555   2.3506598  2.5067782  2.4385042  2.5393589  2.4152381
 2.477808   2.4211879  2.4172385  2.4843833  2.4138196  2.5013173
 2.403207   2.5647986  2.5351105  2.4736545  2.475306   2.5308366
 2.6789382  2.6823459  2.6203282  2.6401455  2.648261   2.6692383
 2.617824   2.6201513  2.5635262  2.526135   2.6630275  2.5302486
 2.464442   2.595959   2.420241   2.476586   2.428748   2.4194465
 2.4286413  2.3645425  2.3942425  2.401416   2.442586   2.3647778
 2.4240189  2.497544   2.5328126  2.4809034  2.5138988  2.6369615
 2.7174506  2.6089566  2.684884   2.6710067  2.6311908  2.7199376
 2.6666896  2.5980375  2.7316422  2.6818144  2.665113   2.7435737
 2.660966   2.6879883  2.7081597  2.4935064  2.7141988  2.813699
 2.743398   2.8630688  2.8181765  2.895796   2.8088846  2.7571228
 2.7511723  2.7487571  2.6657336  2.6638093  2.6313934  2.6445432
 2.7314556  2.6968248  2.6977217  2.764914   2.6499767  2.6292024
 2.6291056  2.622432   2.6450891  2.6653385  2.5645983  2.6157033
 2.6358907  2.6323059  2.6047955  2.666024   2.6556418  2.6151166
 2.7497895  2.6694305  2.7397082  2.5903354  2.7948718  2.7311528
 2.7076032  2.751564   2.692745   2.6711447  2.6682267  2.6785746
 2.752107   2.681927   2.735989   2.667227   2.6909556  2.725402
 2.7376626  2.7795434  2.73402    2.7522476  2.6920455  2.5970237
 2.6432538  2.6409357  2.8398383  2.707327   2.654145   2.5589633
 2.6265182  2.5237203  2.6423395  2.7234342  2.7278817  2.6673656
 2.4916675  2.45543    2.6305704  2.695779   2.6484087  2.8261526
 2.7328122  2.6981053  2.8215015  2.7388806  2.5971231  2.6003964
 2.4922762  2.401796   2.5216172  2.516568   2.5847611  2.6752713
 2.5283635  2.4377217  2.5294864  2.6836305  2.5131233  2.5293496
 2.4979002  2.631527   2.5804076  2.7244287  2.713623   2.4592533
 2.4865906  2.4030468  2.5374901  2.5642507  2.65672    2.6132476
 2.609565   2.5047123  2.4585438  2.4449391  2.4937549  2.4361985
 2.5044224  2.5882583  2.4788096  2.4997854  2.5612473  2.4472196
 2.3430343  2.6370404  2.6418607  2.619535   2.7912533  2.8650284
 2.9016209  2.8741817  2.6688745  2.7876542  2.6574743  2.8942554
 2.8641646  2.592985   2.694098   2.7187715  2.6847124  2.8276777
 2.8863754  2.820183   2.7378333  2.8004901  2.8133032  2.5757847
 2.608819   2.5325162  2.4112203  2.3832223  2.4882638  2.3947175
 2.3462408  2.4073431  2.5415285  2.418495   2.3727944  2.4921517
 2.366033   2.3203406  2.3211787  2.3696003  2.3313637  2.4217076
 2.5179033  2.4015293  2.5067344  2.3714633  2.2917137  2.3479838
 2.445793   2.3483777  2.593544   2.2670484  2.612489   2.5736
 2.508285   2.5118763  2.5034974  2.539272   2.5271678  2.564238
 2.6021366  2.5187805  2.6793628  2.583803   2.4972186  2.3825703
 2.4776852  2.833185   2.7084274  2.5903785  2.5418499  2.6510184
 2.6076577  2.598025   2.5879319  2.523482   2.7123508  2.6328032
 2.6159577  2.5493546  2.683338   2.611716   2.5176578  2.6093507
 2.532765   2.4862983  2.483085   2.6814315  2.495602   2.61426
 2.4871383  2.4544885  2.559844   2.5770178  2.5657198  2.579953
 2.5892768  2.4187403  2.4927003  2.5799685  2.6589122  2.6390984
 2.5464585  2.6689775  2.4964044  2.5050473  2.4213634  2.474167
 2.4766395  2.4296892  2.4334633  2.5616949  2.4878216  2.5578425
 2.5305688  2.4408865  2.556452   2.4965208  2.5251591  2.5754025
 2.5750434  2.6605089  2.527002   2.512655   2.6675186  2.5997365
 2.690222   2.7328703  2.6172926  2.697473   2.6194441  2.6357477
 2.6304705  2.4696074  2.3709762  2.373895   2.4671628  2.3410735
 2.496157   2.4299734  2.5803285  2.5256243  2.5497441  2.6111636
 2.6588054  2.7570288  2.7887921  2.7242794  2.6676295  2.701294
 2.6465154  2.6323605  2.6376078  2.6540911  2.6046898  2.6358216
 2.5497165  2.5596983  2.5293956  2.487269   2.3169541  2.2763703
 2.358797   2.3406756  2.4177647  2.324882   2.5367842  2.5115297
 2.5513635  2.601602   2.568      2.4240425  2.637822   2.6656878
 2.6432283  2.6035058  2.4616485  2.5459335  2.6281164  2.6250596
 2.6066945  2.5312188  2.436431   2.4875033  2.3478615  2.4682226
 2.4505062  2.5310705  2.685736   2.5545156  2.44906    2.686473
 2.6220095  2.5261054  2.5335197  2.4848013  2.4539645  2.4674518
 2.4258876  2.4342947  2.4446542  2.5780277  2.6171718  2.5450742
 2.7461438  2.6524713  2.622228   2.6664834  2.8254433  2.9505916
 3.0305536  2.8036733  2.9565005  2.8412805  2.8235176  2.750794
 2.8553514  2.6156423  2.4818738  2.4924438  2.4320712  2.2926748
 2.2948275  2.3800528  2.302706   2.3437915  2.2715209  2.3623555
 2.4367545  2.529863   2.364158   2.3252285  2.3113294  2.3311453
 2.3855984  2.5020194  2.4134505  2.3401818  2.249309   2.4976819
 2.35514    2.3455868  2.3800066  2.1832762  2.1752024  2.155079
 2.2659686  1.9487708  2.194158   2.2701232  2.3243008  2.370908
 2.3346508  2.3149054  2.4335077  2.4604383  2.2851648  2.3431823
 2.428259   2.3236659  2.3187435  2.2968605  2.4167154  2.2457006
 2.253874   2.0974388  2.2164388  2.21737    2.1646757  2.1731784
 2.2155044  2.151936   2.201247   2.2535303  2.16107    1.9840323
 2.1501193  2.163098   2.0044286  2.055383   1.9291803  1.9118949
 1.921172   1.9238591  1.8905033  1.8142364  2.035279   1.9225552
 1.8626171  1.8934952  1.9380931  1.786019   1.8813869  1.8670924
 1.7984893  1.9175905  1.8803645  1.6098378  1.7117869  1.7817267
 1.8922052  1.694826   1.6375287  1.5340079  1.5760773  1.5510393
 1.5744568  1.6668571  1.7762405  1.527839   1.589075   1.5650104
 1.7372203  1.4978613  1.4932562  1.6585742  1.5814403  1.6483073
 1.4480284  1.4438804  1.4378046  1.3986006  1.304116   1.4092216
 1.2969366  1.3391582  1.6154615  1.4573635  1.5029231  1.5618886
 1.4190059  1.3993617  1.4014596  1.4293282  1.3752145  1.5222625
 1.3178983  1.2806957  1.2083493  1.198089   0.9571767  0.9297039
 1.2248085  1.1172854  1.163728   1.0798169  1.169562   1.1935556
 1.1992126  1.2815464  1.1711688  1.1114666  1.1759958  1.1220076
 1.1807226  1.1663419  1.3712325  1.2324219  1.3958695  1.3514955
 1.398457   1.2356104  1.3858769  1.5648311  1.6135422  1.5332417
 1.5814676  1.6004628  1.6339955  1.6784356  1.5331445  1.6560521
 1.5645812  1.4991971  1.4743286  1.3471845  1.4236946  1.5347968
 1.6062278  1.5974813  1.7082894  1.6318328  1.5473816  1.5632747
 1.5230447  1.54729    1.4440774  1.2086077  1.347248   1.4089335
 1.3423274  1.3156483  1.2608908  1.2643456  1.2929721  1.221356
 1.2754346  1.3078984  1.3117613  1.3356699  1.2473749  1.1796126
 1.2550366  1.3158492  1.4088938  1.4071202  1.4235821  1.3643528
 1.3554786  1.1393276  1.2195551  1.1847047  1.2221975  1.3877546
 1.365505   1.5654602  1.4336028  1.4552233  1.4647715  1.6524788
 1.693691   1.6378483  1.3914042  1.5458577  1.466679   1.5366127
 1.3508978  1.5651282  1.4890761  1.3564798  1.5322272  1.6128321
 1.4561144  1.4497794  1.5970861  1.5119717  1.435436   1.5255527
 1.5226897  1.2930341  1.4090499  1.408981   1.2804424  1.1661354
 1.2483517  1.3122128  1.3658689  1.4644737  1.4177223  1.3357626
 1.5237416  1.4384301  1.5677941  1.3988997  1.5456487  1.5616084
 1.5504415  1.619199   1.5891292  1.4220878  1.4957672  1.5219544
 1.3944408  1.5035249  1.5243415  1.6409842  1.5302091  1.474306
 1.5594387  1.5160713  1.4959333  1.4364773  1.2232423  1.2611823
 1.4429834  1.399785   1.2646322  1.3371627  1.4068854  1.3465508
 1.164512   1.1977775  1.5483754  1.6174705  1.5236659  1.5375661
 1.5324754  1.3094414  1.3112749  1.2459325  1.3734126  1.2381905
 1.1960018  1.0940131  1.2353394  1.1339133  1.1259953  1.1056296
 1.3673046  1.2612034  1.3366282  1.4249871  1.7104462  1.6067691
 1.5360107  1.4599496  1.5923965  1.5869832  1.5528909  1.5090921
 1.5756373  1.7567513  1.7429188  1.7234441  1.6519717  1.6621177
 1.7307304  1.6321908  1.7944347  1.6569155  1.7456828  1.8373812
 1.9297875  2.0071347  1.821545   2.0567183  2.1914446  2.1958065
 2.3578818  2.4295022  2.2982633  2.3665533  2.3098369  2.3731012
 2.3949847  2.335319   2.4280195  2.551017   2.7335658  2.3628397
 2.3560035  2.4221385  2.4909055  2.4181635  2.5400653  2.4595697
 2.5096276  2.7027736  2.5796185  2.7906504  2.8549185  3.1350074
 3.0465612  3.1786637  2.9929802  3.1103482  3.0118937  2.9173443
 2.9941113  2.9324217  2.8842144  3.0181673  3.1336403  3.0508115
 3.3226879  3.3659585  3.1685367  3.3558238  3.3904254  3.435511
 3.509176   3.3159623  3.1992521  3.199396   3.3329568  3.5033386
 3.4769673  3.6249232  3.5677345  3.74587    3.9148216  3.9158413
 3.7486744  3.929801   3.9125412  3.834172   3.9720137  3.7515917
 3.902382   3.9857435  4.090276   3.9951193  4.014262   4.005025
 3.8738537  4.0731397  4.067505   4.1511865  4.1592183  4.1255136
 4.124801   4.133708   4.08095    4.162203   3.9741569  4.173258
 4.186789   4.206823   4.2443433  4.239704   4.278065   4.2391934
 4.152563   4.22591    4.1715293  4.43551    4.4972544  4.3091326
 4.3948536  4.3239274  4.373488   4.436936   4.3997064  4.404193
 4.389076   4.245562   4.3645816  4.369905   4.3612113  4.426906
 4.3745904  4.447139   4.4158964  4.2031665  4.3271475  4.323485
 4.3873286  4.3516316  4.314803   4.2519608  4.324318   4.314897
 4.2371345  4.3644457  4.329548   4.27615    4.2619867  4.2237597
 4.1383953  4.147283   4.0844936  4.0621076  4.064379   4.0839114
 4.0782843  4.297245   4.11677    4.007179   4.0168414  4.045447
 4.112781   4.0903926  4.088638   4.1684914  4.146805   4.0747757
 4.2163415  4.2816987  4.354424   4.3155894  4.4167156  4.3825164
 4.351491   4.37597    4.5143     4.5468497  4.4434543  4.4727674
 4.4691834  4.5418262  4.513548   4.4604907  4.5307355  4.4258075
 4.390494   4.55451    4.5505133  4.516683   4.5296555  4.486838
 4.49396    4.4956675  4.547007   4.6005683  4.570786   4.6304355
 4.7024693  4.5354133  4.614436   4.6396103  4.6609397  4.4718575
 4.6211586  4.5545616  4.625671   4.6922426  4.723039   4.698087
 4.750585   4.6803474  4.5730767  4.706387   4.673756   4.734151
 4.7167983  4.7314153  4.7241454  4.661544   4.688522   4.770764
 4.649199   4.6415234  4.7128882  4.827983   4.7675614  4.8240623
 4.8034797  4.8205643  4.6649175  4.505943   4.4964943  4.4669833
 4.5811424  4.4526916  4.6137986  4.531619   4.4833183  4.595504
 4.6364026  4.6593223  4.6284065  4.6265244  4.6572456  4.6214914
 4.729574   4.6494946  4.6967688  4.733997   4.6225176  4.684337
 4.631392   4.6355906  4.6198134  4.391335   4.5779276  4.6121464
 4.6197815  4.353288   4.3838344  4.489789   4.5067706  4.4442534
 4.5012474  4.596899   4.703659   4.416959   4.5314846  4.5814195
 4.587023   4.550076   4.625224   4.4301734  4.392166   4.4409604
 4.450223   4.4571424  4.363272   4.2369695  4.2561255  4.178177
 4.0286527  4.091538   4.232944   4.1775403  4.143559   4.0072756
 4.1240926  4.277512   4.2332273  4.337016   4.1407714  4.0070524
 3.8082764  3.9594848  3.8824623  4.037434   4.0261903  3.997819
 3.90465    3.8029842  3.7660022  3.976848   3.8929214  4.005425
 4.002452   3.9324343  3.9929817  3.8598292  3.6310256  3.6287467
 3.6172826  3.2869627  3.4050612  3.6970668  3.6876092  3.6140037
 3.4772584  3.646135   3.4920094  3.1526957  3.434538   3.2848418
 3.1636465  3.213702   3.2914104  3.2242289  3.3196847  3.1886673
 3.4718564  3.3589287  3.1966336  3.2062945  3.44997    3.6845877
 3.6741164  3.7265084  4.021054   3.8896096  3.7266257  3.8158376
 3.8676002  3.9913175  3.8980484  3.9787183  3.9177246  3.8836997
 4.110408   4.028693   3.7765732  3.8859038  4.17767    3.973355
 3.8708878  3.7760534  3.8249702  4.0648046  4.025373   3.9466653
 3.7630172  3.8441327  3.9511762  4.0253463  3.8898118  3.8934085
 3.7768874  3.7964756  3.7347708  3.8242993  3.7423396  3.8308334
 3.7615645  3.5928614  3.5874612  4.0253587  4.115029   3.9808218
 4.050309   4.1303105  4.0028195  3.733567   3.7069178  3.8081768
 3.7722638  3.6509612  3.9753525  3.6836996  3.954306   3.8216321
 4.0788016  3.9344308  3.735924   3.8082626  3.6199853  3.7726858
 3.7260761  3.7930734  3.8809056  3.8720365  3.9362168  3.9188588
 3.9239252  3.9610274  3.930146   3.918878   3.9357467  4.1435294
 4.04041    4.0551233  4.051876   4.0370727  4.1610074  3.9647205
 3.976164   4.0048685  4.038729   3.9551136  4.13583    4.102409
 4.040284   3.8926716  3.8723722  4.133827   4.059699   4.081869
 4.0080442  4.0935206  4.237904   4.224005   4.0789075  4.1189594
 4.119951   4.2471356  4.2007523  4.154439   4.120135   3.9692748
 4.2000356  3.9882858  4.002687   3.9579077  4.0263133  3.975883
 4.0189686  4.060906   3.9355235  3.8542101  3.661628   3.6725183
 3.816344   3.756689   3.8511097  3.8730314  3.9299228  3.7160978
 3.667928   3.599401   3.7441964  3.7011933  3.5682695  3.4572902
 3.1541038  3.1248407  3.0210721  2.9242685  2.856907   2.9888518
 3.1052287  2.9723232  2.8978872  2.872898   3.0162356  3.0790355
 2.759247   2.5372405  2.6562936  2.7603366  2.5309134  2.3890574
 2.6702511  2.3793023  2.2687411  2.299788   2.3441563  2.3165839
 2.3825219  2.3388393  2.3383348  2.3374295  2.5791745  2.4971292
 2.497266   2.6587007  2.8444495  2.877173   2.6583033  2.7660525
 2.8636343  2.6579602  2.6362157  2.464862   2.4551618  2.5063624
 2.2753203  2.4567177  2.7247999  2.5900955  2.6945076  2.6057775
 2.7431903  3.0054898  3.1196468  3.0549364  3.0155566  3.2224314
 3.160964   3.151249   3.1472816  2.983081   3.060164   3.175331
 3.2050667  3.1113706  3.079438   3.1851482  3.044289   3.2370844
 3.1981857  3.1686592  2.954793   2.9270797  2.815002   2.966626
 2.6387093  2.7338724  2.7200565  2.614099   2.7384117  2.671499
 2.6479883  2.5163124  2.7262347  2.9636998  2.6593568  2.7796097
 2.8725598  2.9128883  3.0191348  3.0147343  2.9769454  3.0797112
 2.9726262  2.867821   2.9475935  2.8781428  2.381356   2.5231593
 2.5970817  2.345489   2.3455122  2.3205142  2.5236084  2.5022945
 2.4660401  2.6700723  2.7952979  2.6107922  2.7747087  2.7185044
 2.6038013  2.4962862  2.683189   2.5773518  2.6313999  2.7821372
 2.949805   3.0541315  2.9186633  3.060329   3.228022   3.0034978
 3.0334084  3.0913293  3.34294    3.1537166  3.24738    3.2306054
 3.2783568  3.4205723  3.2287176  3.3478777  3.291162   3.3408017
 3.4805589  3.4767685  3.4834695  3.422426   3.22477    3.3693204
 3.3268735  3.274568   3.1052153  3.4516566  3.4768047  3.6299078
 3.4826772  3.3516972  3.4571383  3.6651866  3.549742   3.5834138
 3.5235064  3.4242823  3.3925664  3.2228215  3.3266947  3.3404164
 3.4978182  3.5430512  3.5034459  3.5701058  3.5512314  3.6113164
 3.6165237  3.533097   3.7405937  3.6731918  3.5577216  3.5384414
 3.380148   3.4894378  3.690471   3.6891532  3.6055307  3.7149167
 3.583026   3.3920965  3.4340785  3.6247523  3.6229124  3.7596807
 3.7121239  3.7568135  3.8502748  3.6608288  3.9073918  3.70678
 3.923447   3.9336474  3.7685373  3.7189565  3.7517185  3.798205
 3.7870903  3.969586   4.135043   4.162023   4.2123775  4.1739078
 4.23102    4.2519455  4.373946   4.243385   4.3058505  4.3781667
 4.272528   4.4855027  4.3056154  4.3399515  4.3595386  4.292552
 4.116722   4.1945887  4.403346   4.2722144  4.303711   4.26838
 4.3682775  4.319481   4.34195    4.3651004  4.345814   4.4585
 4.4218273  4.454679   4.442149   4.538297   4.5257506  4.550694
 4.4405327  4.577938   4.6110177  4.5850945  4.4844365  4.5516963
 4.670668   4.432941   4.5732727  4.5705686  4.6405187  4.882292
 4.826049   4.85694    4.7120137  4.620464   4.4878693  4.5259004
 4.6479845  4.6851935  4.649429   4.6395144  4.6805277  4.72717
 4.674954   4.6054363  4.609011   4.6661305  4.662352   4.7182345
 4.681506   4.593926   4.662934   4.7445173  4.749449   4.626193
 4.508362   4.591647   4.5697412  4.6395855  4.581063   4.6025553
 4.659289   4.6179757  4.6497955  4.6518717  4.586788   4.3297453
 4.5566053  4.492604   4.4676623  4.464795   4.308615   4.429319
 4.413245   4.3518257  4.3618464  4.27531    4.1616945  4.3362317
 4.491953   4.4867096  4.5808387  4.489213   4.539581   4.55471
 4.49907    4.4989386  4.3357954  4.3260317  4.4604964  4.4584374
 4.453815   4.3961954  4.578773   4.411947   4.4654913  4.5298114
 4.49347    4.63061    4.5073314  4.465128   4.2862606  4.265425
 4.359407   4.252931   4.4823737  4.4569936  4.4781804  4.373731
 4.36226    4.4233627  4.4845204  4.5277267  4.4626884  4.3002834
 4.445559   4.284045   4.2982945  4.283283   4.360616   4.190589
 4.288478   4.389234   4.3548346  4.277057   4.231826   4.365115
 4.162527   4.2069745  4.272563   4.2641935  4.2019706  4.204285
 4.5471873  4.493971   4.712161   4.790983   4.58413    4.425388
 4.326261   4.214881   4.322342   4.2897143  4.1453075  3.9652274
 4.087177   3.9168866  4.140791   3.9556909  4.048789   3.791582
 3.8025422  3.833827   3.865364   3.869353   3.8940747  3.8562305
 3.694797   3.6384969  3.7501929  3.7151225  3.7015154  3.4402459
 3.4777071  3.271665   3.4394927  3.36886    3.3142922  3.3057194
 3.2348502  3.18072    3.2655118  3.1814642  3.1118393  3.2525983
 3.3185205  3.1621346  3.1815012  3.381553   3.2198007  3.2715456
 3.181077   3.0629327  3.2357426  3.25397    3.2117078  3.1121428
 3.1185853  3.0804002  2.9305327  2.967593   2.947386   2.9784074
 3.0946462  2.97091    2.8707662  2.7724848  2.9420085  2.7455916
 2.7050757  2.8265975  2.9116452  2.701062   2.642717   2.6036513
 2.6079898  2.6900508  2.559849   2.5502684  2.8400264  2.7936935
 2.6619158  2.7776923  2.8154166  2.6113093  2.5804887  2.5630877
 2.7258153  2.3841348  2.4842565  2.6178296  2.650903   2.39396
 2.417076   2.4805005  2.3438604  2.4005005  2.8223789  2.5370047
 2.7106657  2.7121654  2.8890228  2.8987606  2.732413   2.6439705
 2.756513   2.7267885  2.7423217  2.7600663  2.890483   2.7360272
 2.7325811  2.7723966  2.7027197  2.8345087  2.8232002  2.7468393
 2.9090655  2.725161   2.7762642  2.5422533  2.4382346  2.4909813
 2.5538597  2.6113768  2.5852165  2.5935812  2.6251664  2.681136
 2.6835372  2.5637956  2.463486   2.6418836  2.5247622  2.5284264
 2.6250463  2.4924588  2.5807688  2.4153204  2.4123094  2.573212
 2.4409492  2.4557636  2.6049829  2.521828   2.4751413  2.3162286
 2.2772748  2.2704065  2.3612442  2.3983738  2.440658   2.4207242
 2.2874823  2.4020486  2.3345573  2.3418925  2.466559   2.4243255
 2.2854779  2.1485572  2.344316   2.4015398  2.4494896  2.432565
 2.3322818  2.375779   2.3673947  2.363682   2.346001   2.2330039
 2.528176   2.5423803  2.6333454  2.8199303  2.9421415  2.7539883
 2.4958365  2.4416547  2.8666136  2.7871642  2.7954438  2.9461527
 2.806018   2.5588377  2.5951452  2.547876   2.5316722  2.4236739
 2.5078533  2.6875234  2.762669   2.6690364  2.7187736  2.8393698
 2.5433638  2.508892   2.4626598  2.5210052  2.4781     2.5500002
 2.4247384  2.4697993  2.523076   2.4115293  2.642946   2.5270457
 2.5906353  2.6251416  2.7169535  2.5712304  2.5604749  2.6264167
 2.5924585  2.7689278  2.94522    2.725692   2.8339486  2.7308357
 2.7845728  2.7528486  2.8835304  3.0230353  3.1127405  3.018817
 3.0172591  3.0803802  3.0599566  3.0725636  2.9728608  3.0125144
 2.9965894  2.9657717  3.0445745  3.0310633  3.0574484  2.9782374
 3.0800014  3.0380123  3.0173793  3.128588   3.0511386  2.980046
 3.1071281  3.1180117  3.1793466  3.1715548  3.1469352  2.9561977
 3.1893415  2.9910383  3.0245967  3.1532834  3.186262   3.2238407
 3.1251276  3.1439705  3.182279   3.2829516  3.2451062  3.2817438
 3.166906   3.0591757  2.9904652  3.14077    3.1701381  3.0288978
 3.040184   3.0387564  3.013853   3.087094   3.0589244  3.0022147
 2.9947834  3.0690908  3.0348427  2.95318    3.1071918  3.0326133
 3.1277964  3.0754337  3.027957   2.9690068  2.8967166  2.7803426
 2.8677914  2.9648283  2.8348749  2.848241   2.8207512  2.8199096
 2.838209   2.6011288  2.6724195  2.7237413  2.717822   2.6212177
 2.6871579  2.6943543  2.7193227  2.7414951  2.6210618  2.7607424
 2.8474557  2.7646606  2.643198   2.6099331  2.6029198  2.554492
 2.5921707  2.5678737  2.6416576  2.6159806  2.8118677  2.867527
 2.8267295  2.7870557  2.7663007  2.6966844  2.6155715  2.5868225
 2.8290367  2.7385495  2.7528784  2.7626545  2.7708702  2.682801
 2.721101   2.7036111  2.8132536  2.668602   2.80946    2.8025455
 2.8019898  2.8481753  2.729662   2.510718   2.586261   2.5501134
 2.5415597  2.5149593  2.5299175  2.3645968  2.4313467  2.5352728
 2.513766   2.5307918  2.6583     2.6638465  2.5544157  2.6909416
 2.673035   2.6742234  2.6883128  2.6949606  2.6089365  2.740511
 2.6915445  2.5496104  2.4679039  2.5712008  2.6844292  2.6358128
 2.5468407  2.5364788  2.55771    2.5763938  2.6753888  2.6946023
 2.6086762  2.7468822  2.94903    2.8207185  2.9647095  2.8874874
 2.9494383  3.0629408  2.9282978  2.8586714  2.7752337  2.4444766
 2.5166683  2.6204638 ]
