[1.3198838  1.2617505  1.270014   1.3018315  1.2368822  1.5321419
 1.2927183  1.144244   1.3450426  1.305727   1.1643883  1.142497
 1.1080457  0.97081673 0.9476555  1.0278428  0.9535694  0.9501251
 0.8611541  1.0279602  1.0250269  1.0193926  0.9620634  0.949804
 1.0348425  1.080835   1.057851   1.0310963  1.0310729  1.1546934
 1.0853238  1.1238306  1.2356523  1.3052601  1.2465825  1.3454834
 1.295153   1.3096255  1.3880204  1.2502778  1.073117   1.1835793
 1.3428047  1.0131593  0.94183195 1.3173233  1.345695   1.3314844
 1.3836603  1.3303324  1.0694764  1.1802697  1.2272327  1.2317739
 1.3851476  1.3770491  1.4487215  1.2596775  1.1841145  1.4658332
 1.8666046  1.760628   2.2531395  2.4559388  2.4042914  2.3774688
 2.4044514  2.328495   2.2804728  2.229799   2.4026215  2.4194942
 2.5430229  2.3516119  2.1410403  2.347654   2.1026094  1.9745982
 2.0235517  2.2354894  2.3454776  2.4050333  2.3722458  2.4177432
 2.5119417  2.5633283  2.57598    2.3175483  2.2908115  2.301188
 2.3542542  2.2378082  1.9873278  1.9198096  1.877333   1.9111488
 1.8513792  1.9477882  2.175495   2.0795252  2.173156   2.0943117
 2.3069682  2.0252328  2.2375026  2.1150112  2.0466456  2.028514
 2.2865262  2.1993182  2.2207065  2.111436   1.942071   1.8900948
 1.984178   1.8816705  2.0479205  2.057122   2.2381353  2.2110536
 2.058994   2.0683882  2.0752807  2.0449834  1.995067   2.0927608
 1.9956257  2.032692   2.1197295  2.2183883  2.1254213  2.1855888
 2.2023454  2.1772788  2.2638593  2.354395   2.169711   2.1232138
 2.1084     2.2382958  2.3319721  2.2615976  2.3865876  2.324733
 2.3314757  2.3075156  2.2485642  2.3513296  2.3294122  2.4400609
 2.3118732  2.507974   2.4403558  2.404012   2.375295   2.393529
 2.5066206  2.5209525  2.5561059  2.6065524  2.5989804  2.6140022
 2.5679963  2.4545226  2.488956   2.44132    2.5725296  2.417683
 2.4112186  2.516039   2.315505   2.4190607  2.3369784  2.327896
 2.3523242  2.2762926  2.3074896  2.2683885  2.3392136  2.2557998
 2.294771   2.3909163  2.4729958  2.4443526  2.3700035  2.4968042
 2.6004338  2.5171769  2.5246954  2.5574675  2.4796636  2.557756
 2.507141   2.5040383  2.5922806  2.5745912  2.4760165  2.5455387
 2.514059   2.5555272  2.5301707  2.3029945  2.5630367  2.6539552
 2.58803    2.7712471  2.6496286  2.7868474  2.9358094  2.873232
 2.885231   2.838548   2.7314625  2.7506156  2.7361102  2.7231245
 2.8303616  2.8402863  2.8233237  2.884498   2.7800705  2.7480178
 2.6883497  2.6981008  2.5237982  2.755726   2.722452   2.7782009
 2.7741032  2.7918115  2.779251   2.7723742  2.7271016  2.7754774
 2.9027681  2.808981   2.864804   2.6366355  2.6985257  2.626797
 2.6535907  2.630431   2.8067725  2.7924986  2.7235296  2.7761765
 2.7743483  2.770941   2.650779   2.7270727  2.7949114  2.6897583
 2.5753505  2.6142828  2.7142987  2.6100867  2.5505922  2.6953492
 2.6429589  2.711665   2.900195   2.707321   2.7959847  2.6342528
 2.7414634  2.6787279  2.7276804  2.8457897  2.816098   2.7409878
 2.6388578  2.6254911  2.777956   2.8202686  2.671241   2.9612412
 2.8791277  2.8078067  2.9436815  2.8516295  2.7559052  2.7693036
 2.5140083  2.49478    2.6272268  2.5466683  2.6475677  2.7735457
 2.556574   2.5211282  2.6122816  2.7592416  2.6360233  2.678429
 2.6170256  2.7430992  2.746491   2.7659965  2.8287883  2.5939615
 2.6389072  2.5464857  2.6646469  2.7305286  2.7683315  2.7548578
 2.7620134  2.6546745  2.5118203  2.5266917  2.5716226  2.4294693
 2.4618165  2.676826   2.5611446  2.5213234  2.7037878  2.57269
 2.4706225  2.744183   2.7482264  2.7397676  2.84589    2.9581573
 3.0045958  2.9453921  2.7561462  2.846184   2.7735016  2.9464204
 2.9506705  2.7057724  2.7722611  2.8078318  2.7490983  2.9118688
 3.0124025  2.9467633  2.875966   2.7423584  2.7520218  2.51206
 2.6053262  2.5430408  2.301642   2.2579947  2.4345129  2.4056046
 2.296839   2.3309968  2.4697185  2.3626368  2.4854198  2.5660727
 2.4519858  2.3376036  2.45124    2.5555487  2.5115137  2.585206
 2.6798117  2.5863354  2.591539   2.542284   2.4689417  2.4952886
 2.5749772  2.465788   2.5084658  2.1564252  2.4345968  2.5732243
 2.4363387  2.3897433  2.4382503  2.418051   2.4065359  2.4797537
 2.489605   2.4132771  2.5772247  2.5380476  2.4411428  2.316934
 2.4552293  2.666598   2.6709213  2.5017424  2.446471   2.6139638
 2.4883235  2.4598665  2.4626338  2.3836262  2.5539067  2.5290828
 2.5157263  2.3821323  2.5581129  2.6284316  2.4729664  2.4516037
 2.4673076  2.3464072  2.4774656  2.5122092  2.3366826  2.4751546
 2.359263   2.3078375  2.4098756  2.5228     2.6258268  2.5871217
 2.570067   2.361422   2.6528544  2.7460396  2.8022318  2.773964
 2.559516   2.7690382  2.615589   2.645162   2.5773513  2.5942652
 2.6255717  2.5741844  2.4587362  2.5090272  2.5351782  2.6824498
 2.646309   2.6481552  2.6089792  2.405046   2.389119   2.4342303
 2.4379432  2.4983552  2.396865   2.406311   2.5758495  2.5805595
 2.6434274  2.642191   2.5492454  2.621402   2.520968   2.5393627
 2.5260484  2.3910131  2.2956011  2.3438964  2.383064   2.2943451
 2.4651644  2.350925   2.5146656  2.4264777  2.4294927  2.440575
 2.5149064  2.6162832  2.6398873  2.625533   2.746726   2.8427687
 2.7598767  2.546551   2.541512   2.521599   2.4465983  2.480718
 2.4237154  2.4498484  2.3891551  2.3236675  2.2623572  2.4039516
 2.4472613  2.495099   2.4768765  2.4324331  2.4813707  2.4776525
 2.4258468  2.4729693  2.444636   2.54797    2.7903743  2.7009685
 2.5886643  2.5662975  2.4884913  2.399241   2.502784   2.4791555
 2.487753   2.6322424  2.5341985  2.5191586  2.4995291  2.6303751
 2.3854673  2.4962683  2.6373613  2.5358503  2.4999914  2.579075
 2.5034132  2.3982754  2.469952   2.3800964  2.4093275  2.3695452
 2.351392   2.3387218  2.3317509  2.4693673  2.483277   2.4945743
 2.599945   2.5306532  2.5213256  2.6373076  2.6727438  2.7600753
 2.8818982  2.6440992  2.8167005  2.7366064  2.7685895  2.6304083
 2.6774654  2.7732706  2.6372979  2.6289504  2.5856035  2.4166744
 2.4279168  2.5641813  2.4595957  2.5180454  2.4091504  2.5107784
 2.540872   2.665151   2.4950914  2.432082   2.4512491  2.4848251
 2.5143201  2.5157864  2.58143    2.525628   2.4193602  2.6361456
 2.5245478  2.4826007  2.5180354  2.3410437  2.363579   2.293807
 2.4015026  2.0552623  2.3199584  2.348555   2.4040563  2.462068
 2.397976   2.394283   2.491111   2.4996626  2.3774107  2.4388282
 2.560574   2.4793708  2.407066   2.37063    2.3706343  2.326183
 2.329041   2.1815543  2.3457794  2.351444   2.3210888  2.354492
 2.3538277  2.3056083  2.2921755  2.3040435  2.2072988  2.0851998
 2.2424383  2.2782288  2.0911381  2.1103098  2.0763347  2.0269449
 2.0229478  2.0653002  2.0021644  1.9750906  2.147312   2.0452564
 1.9516873  1.8256279  1.7378701  1.8815985  1.9142514  1.9054804
 1.8805481  1.9153877  1.9530714  1.7293676  1.654389   1.6930106
 1.7074145  1.6159557  1.7374442  1.4744763  1.7000631  1.5517626
 1.6681186  1.7223256  1.8881159  1.6866156  1.7092588  1.7733533
 1.8479669  1.5965942  1.638366   1.5227122  1.4900465  1.526538
 1.278445   1.2768631  1.3054194  1.2650702  1.2568514  1.2844884
 1.324681   1.4032096  1.5469434  1.450563   1.3260355  1.4163909
 1.2570157  1.2579792  1.2363514  1.2818545  1.1861856  1.3787149
 1.1241821  1.1761109  1.2424873  1.0618018  1.1645677  1.1226264
 1.3784904  1.3191825  1.32492    1.2194082  1.1994816  1.1626018
 1.2629353  1.2779024  1.2234149  1.0275446  1.0591648  1.1180394
 1.1441635  1.074545   1.3138752  1.1138054  1.2166035  1.1633463
 1.2269329  1.0716697  1.3428998  1.3864144  1.6255518  1.380824
 1.4599317  1.4019749  1.4636487  1.5251765  1.5826159  1.5268155
 1.3924006  1.3030834  1.3567634  1.3394914  1.2878428  1.4456964
 1.5124005  1.4383959  1.6151391  1.5544777  1.3608428  1.4060836
 1.3722941  1.4928513  1.4557183  1.3561747  1.2680181  1.3073167
 1.3047466  1.1556467  1.105961   1.1308277  1.1625024  1.051777
 1.1098098  1.1012849  1.2338902  1.2548715  1.189614   1.0818866
 1.2537619  1.1694728  1.3573177  1.3104932  1.3971348  1.2932304
 1.3368655  1.2584357  1.3110803  1.2218609  1.3014604  1.326383
 1.3751345  1.4668552  1.4150351  1.3090007  1.3167887  1.4938362
 1.5308312  1.4847242  1.3191931  1.4682049  1.4362639  1.5742462
 1.3679633  1.4411471  1.4045844  1.3986118  1.4257019  1.4956118
 1.4143574  1.404256   1.5566499  1.4548259  1.4423218  1.357195
 1.3130502  1.2434105  1.2514807  1.5239587  1.4062002  1.3716989
 1.4018015  1.4025635  1.4552509  1.5365111  1.5185952  1.5324099
 1.643296   1.46671    1.7191757  1.5383922  1.6728497  1.6422613
 1.562767   1.6957313  1.7106208  1.5911709  1.6503922  1.546703
 1.5420929  1.6306565  1.6939962  1.8229288  1.705957   1.6069822
 1.6881963  1.620323   1.5401937  1.4418863  1.3448083  1.3839141
 1.5408648  1.5556079  1.459038   1.4713489  1.5628369  1.4672208
 1.378759   1.4046144  1.6789653  1.7766303  1.6020576  1.6387436
 1.6137788  1.5105498  1.5323061  1.448198   1.5510949  1.4518336
 1.3312354  1.3140873  1.3665141  1.2286226  1.3350511  1.3217248
 1.5841988  1.4494466  1.514869   1.5019798  1.6240155  1.3919194
 1.3234719  1.5279274  1.5068953  1.3858738  1.357194   1.4151238
 1.5103076  1.6489425  1.6771075  1.6287365  1.6708968  1.6633341
 1.6701431  1.6786469  1.6425339  1.523277   1.6705952  1.7210472
 1.7649536  1.8181243  1.7214282  1.9309148  2.0517108  2.08506
 2.1724832  2.2688339  2.1007276  2.2742062  2.1586208  2.1696875
 2.2135916  2.1598668  2.257597   2.3793824  2.6741738  2.4148161
 2.499788   2.560327   2.5808265  2.5699048  2.6565838  2.6209161
 2.5637794  2.8322773  2.6914594  2.8849075  2.9623682  3.0065522
 2.990138   3.106652   2.8446138  2.962023   2.8494284  2.9823334
 2.919947   2.9700036  2.89634    3.0336862  3.081205   2.9853811
 3.193304   3.2871182  3.0589359  3.2638311  3.4060795  3.307748
 3.4472935  3.2092328  3.2257557  3.260554   3.1942499  3.489796
 3.4134414  3.57786    3.7006898  3.8086247  3.845595   3.7521846
 3.679891   3.7955854  3.816469   3.792117   3.881204   3.777881
 3.9543903  4.0278144  4.110651   4.0726824  4.030302   4.0748844
 3.8994756  4.156451   4.081312   4.122179   4.1183043  4.1586275
 4.136073   4.1303797  4.0407557  4.1619396  4.014356   4.169915
 4.1164627  4.210539   4.2830963  4.292622   4.3453856  4.2369494
 4.1776733  4.1691437  4.0752015  4.3336377  4.473515   4.2362595
 4.376397   4.288678   4.2714715  4.3359437  4.3266997  4.2889833
 4.459833   4.350854   4.3324904  4.416855   4.372272   4.365145
 4.389369   4.3851943  4.384488   4.3200006  4.3590093  4.3324547
 4.3878756  4.3706746  4.321682   4.329742   4.3119655  4.216544
 4.2896137  4.430715   4.4096446  4.3194084  4.2681985  4.3097296
 4.1789527  4.095336   4.1728926  4.1677227  4.1260386  4.0885158
 4.113446   4.3957067  4.1480556  4.1338553  4.1652217  4.092432
 4.1652203  4.15331    4.1651077  4.1867127  4.2483387  4.1581783
 4.112309   4.258591   4.3582997  4.2420835  4.311966   4.344491
 4.291236   4.3768616  4.4521894  4.397794   4.3594375  4.456315
 4.4565525  4.437705   4.452724   4.4629664  4.5680966  4.4779325
 4.413545   4.527776   4.4965267  4.583015   4.5714245  4.5317903
 4.526169   4.4441466  4.5078745  4.5894     4.6347613  4.5973287
 4.623589   4.512744   4.642311   4.6826363  4.579134   4.55065
 4.53479    4.560737   4.5918546  4.7203417  4.753948   4.701378
 4.6962943  4.6560335  4.570343   4.6103644  4.6009426  4.6707172
 4.713557   4.736925   4.709984   4.6251917  4.565867   4.656528
 4.574733   4.6247025  4.6962695  4.777405   4.723052   4.839788
 4.7987165  4.7704167  4.712172   4.501402   4.5784235  4.50784
 4.5703106  4.5922127  4.679509   4.6321845  4.5495505  4.609004
 4.499219   4.563606   4.5292196  4.487177   4.5171943  4.60847
 4.6442366  4.6021733  4.637672   4.650222   4.662752   4.7238035
 4.6990724  4.749563   4.6604104  4.3853664  4.5175056  4.597374
 4.574123   4.310368   4.340194   4.4943986  4.452729   4.43232
 4.480431   4.5362244  4.642424   4.445382   4.4601817  4.542202
 4.515454   4.504694   4.514571   4.3335786  4.4032464  4.4124494
 4.384325   4.4006543  4.310316   4.2294044  4.2555356  4.2843833
 4.064313   4.146684   4.1765566  4.123301   4.1203628  3.8540955
 4.019731   4.1762056  4.133878   4.235158   4.003349   3.9059992
 3.7385209  3.8854396  3.825211   3.9099367  3.9471512  3.8771079
 3.7951984  3.6333387  3.8497062  3.962207   3.6957364  3.8306568
 3.9109442  3.8233085  3.8106885  3.7236981  3.4749894  3.5829256
 3.665018   3.2999744  3.38312    3.5282664  3.5917404  3.4633095
 3.2707887  3.5176313  3.3299801  2.9896421  3.2229683  3.0793617
 2.959756   3.062476   3.089056   3.0296056  3.0967112  2.9781687
 3.2562218  3.2748244  3.3827946  3.3874853  3.6302607  3.8462038
 3.709859   3.8067868  4.1114025  4.0299454  3.9251928  4.0214252
 4.0072393  4.0341187  3.9550622  4.028463   3.8660698  3.8025367
 3.9912434  3.9734368  3.7740598  3.8647628  4.1773734  3.9442763
 3.9296644  3.818332   3.8570724  4.1094265  4.0725865  3.9311664
 3.8103724  3.8421748  3.9858756  4.036738   3.8000546  3.930905
 3.778132   3.8198843  3.699909   3.7327528  3.6685874  3.8485954
 3.7654915  3.5591059  3.505828   4.0331764  4.1392198  3.9612288
 4.0051475  4.0931935  3.9643948  3.7288585  3.7115514  3.8462954
 3.8733544  3.7918258  3.9898994  3.7495835  3.9653022  3.9015474
 4.033124   3.9457307  3.812235   3.793521   3.702536   3.7878876
 3.7937946  3.8813589  3.928409   3.9823766  4.022297   3.8780599
 3.8415823  3.928878   3.9248831  3.8583152  3.8739982  4.046374
 3.9798803  3.9741344  3.992617   4.007974   4.1570106  3.9037933
 3.8946261  3.8855739  4.018198   3.8909152  4.0407276  4.037656
 3.926224   3.9049985  3.8942256  4.142856   4.048783   4.0364037
 3.996216   4.0191164  4.176727   4.184322   4.1413183  4.1957865
 4.1270437  4.108101   4.138173   4.204503   4.078617   4.0016384
 4.0666337  3.9396749  3.917718   3.9510522  4.0230684  3.9856102
 3.9662328  4.0057526  3.900481   3.8803794  3.687365   3.6530614
 3.8226898  3.8813615  3.9391956  3.9656444  3.8808973  3.724076
 3.7302508  3.6025891  3.7663286  3.744653   3.3863916  3.2399867
 3.0366538  3.0176008  2.8790584  2.8389308  2.8206015  2.8545237
 2.9484873  2.810794   2.7282872  2.7301745  2.8103974  3.0018811
 2.8131127  2.5969439  2.504147   2.5919182  2.6002455  2.517858
 2.5802655  2.5190554  2.3738961  2.5016618  2.5536778  2.503007
 2.432629   2.5561438  2.5314624  2.5290713  2.7417848  2.6630545
 2.6342177  2.517091   2.7169855  2.7338586  2.515428   2.652618
 2.6913815  2.7017953  2.7973878  2.6696763  2.6451836  2.7148104
 2.4210055  2.6573548  2.692214   2.55539    2.6499958  2.6463766
 2.6405134  3.03364    3.02684    3.1374753  3.1091118  3.161689
 3.0574722  3.2494776  3.1834152  3.0078242  3.0334802  3.184799
 3.1815863  3.1515927  3.0975678  3.2339225  3.0713756  3.2324178
 3.1812334  3.098137   2.806342   2.7584891  2.7985275  2.7805655
 2.6271684  2.5682557  2.5236924  2.6086     2.6174953  2.7417204
 2.7035577  2.5980246  2.8207715  2.988256   2.6788068  2.7608755
 2.8400586  2.778762   2.9743667  3.016753   2.966596   3.008938
 2.8855593  2.8478377  2.855649   2.9279668  2.547909   2.4361153
 2.5689878  2.4877157  2.4110434  2.42395    2.4054112  2.3977008
 2.316539   2.4864469  2.5975404  2.4694073  2.5922372  2.657828
 2.4056792  2.6230814  2.6268811  2.6548445  2.6337206  2.8025339
 2.9882987  3.080252   2.9835086  3.0682495  3.1743948  3.1028268
 3.1031852  3.1572998  3.3257904  3.1774094  3.2120004  3.235778
 3.2365208  3.4338293  3.100433   3.212727   3.2883708  3.3039246
 3.404778   3.4099298  3.495567   3.3662271  3.1755974  3.3610039
 3.2084212  3.3921323  3.2804043  3.5120435  3.5608702  3.6597142
 3.4274197  3.316368   3.4994857  3.671863   3.5123348  3.5532293
 3.4542925  3.4229083  3.4057944  3.3048923  3.2663796  3.307462
 3.471757   3.505171   3.438674   3.5041385  3.459343   3.561847
 3.5993688  3.4727225  3.6524608  3.604498   3.5283036  3.5689702
 3.3483415  3.3808331  3.6134288  3.63047    3.5458999  3.6838348
 3.5490408  3.3666794  3.389142   3.5630195  3.591996   3.6784992
 3.6340535  3.7215216  3.8033514  3.6483622  3.8137794  3.723758
 3.8740444  3.9299967  3.6927085  3.5973198  3.6708655  3.8508155
 3.8653166  3.9823742  4.03143    4.0436244  4.1052194  4.0640764
 4.1317396  4.1070857  4.230104   4.1267776  4.167914   4.2280436
 4.1845617  4.4093943  4.247589   4.2542377  4.308183   4.3057246
 4.2393293  4.2411513  4.3551846  4.2158003  4.2685976  4.1825957
 4.254563   4.241954   4.332187   4.349631   4.318346   4.424007
 4.29385    4.3737593  4.3618975  4.373103   4.461079   4.460347
 4.318293   4.4963017  4.5602775  4.5171394  4.5028443  4.566529
 4.634207   4.53346    4.623525   4.545702   4.7041926  4.805998
 4.7666497  4.8032937  4.6096125  4.60106    4.5282483  4.5701604
 4.5916047  4.63962    4.63119    4.5581264  4.6907673  4.7319264
 4.6187716  4.80287    4.7694163  4.680602   4.7539244  4.793582
 4.6873245  4.6607323  4.6731567  4.7973156  4.7320127  4.668677
 4.636248   4.7285113  4.7452393  4.709112   4.5733404  4.554988
 4.6444297  4.691362   4.6367383  4.6380224  4.6002097  4.53355
 4.668466   4.5196834  4.561781   4.421864   4.4013085  4.4455943
 4.502315   4.5644546  4.523282   4.438137   4.218169   4.4434447
 4.5495152  4.5855465  4.726899   4.658736   4.4625096  4.437759
 4.3788404  4.3191094  4.143337   4.1135798  4.270649   4.2903814
 4.3127255  4.302539   4.4787736  4.382712   4.4601035  4.4709644
 4.4218183  4.531303   4.4682183  4.381453   4.2385974  4.167521
 4.232456   4.205502   4.4181423  4.3446784  4.338471   4.2864814
 4.155944   4.213993   4.331753   4.374836   4.4178843  4.2345576
 4.274951   4.199254   4.27948    4.2309117  4.337489   4.148246
 4.3311872  4.281209   4.3177443  4.13158    4.169116   4.2720675
 4.0678544  4.226872   4.2205634  4.1667843  4.1841135  4.19831
 4.442159   4.3958316  4.6492596  4.716806   4.5830626  4.385026
 4.279263   4.280601   4.3880982  4.1728225  4.2616615  4.12491
 4.07001    3.8729165  4.0428767  3.8242385  3.85184    3.6608074
 3.643306   3.6804976  3.6898215  3.703167   3.7107127  3.6477854
 3.5074325  3.4510057  3.5493805  3.5222225  3.511186   3.2785914
 3.2896516  3.056461   3.218738   3.1696782  3.1743011  3.1247807
 3.105678   3.0369709  3.0784254  2.9816225  2.9286711  3.0631912
 3.0983934  3.0187836  3.020626   3.167667   3.0242074  3.1842155
 2.9737446  2.848347   3.0734107  3.056837   3.0035481  2.9117663
 2.9502249  2.8744698  2.733635   2.7473068  2.7367501  2.7646856
 2.9162824  2.7889688  2.6627202  2.5665221  2.7475598  2.5882607
 2.5707     2.749821   2.7051487  2.5978324  2.7560894  2.814758
 2.7731535  2.8879673  2.621231   2.5514297  2.7496731  2.9356465
 2.7518165  2.6927068  2.7375438  2.57867    2.6582088  2.498892
 2.6004279  2.4737883  2.5177474  2.4879885  2.5068226  2.4137092
 2.515649   2.5423841  2.5426743  2.4542997  2.608946   2.6349173
 2.5581765  2.5325503  2.6847126  2.6933753  2.6336966  2.5606368
 2.803124   2.7518375  2.8789775  2.928052   2.9838078  2.832631
 2.8671544  2.8738616  2.88799    2.9576187  3.030047   2.9160132
 3.0013475  2.8413005  2.7942321  2.5827084  2.6444528  2.5969884
 2.6467814  2.728934   2.7905455  2.7837195  2.7754195  2.864462
 2.8205051  2.6185508  2.6440575  2.7412164  2.6224866  2.6898074
 2.7957385  2.6804068  2.7151523  2.5681581  2.5114179  2.7750323
 2.6343057  2.6703513  2.7471375  2.7041886  2.6051893  2.4732044
 2.4208465  2.4505756  2.4978623  2.5199647  2.5429578  2.5927558
 2.4836788  2.594318   2.4528403  2.4947872  2.5935743  2.5871623
 2.4481347  2.3202853  2.418967   2.48204    2.5488288  2.5630684
 2.4826639  2.5516107  2.4975474  2.4886417  2.433859   2.296813
 2.5230377  2.4584153  2.6328814  2.7372477  2.7660515  2.5458498
 2.344358   2.3603947  2.819607   2.7548394  2.83989    2.920635
 2.7895367  2.7010303  2.7179656  2.5989923  2.5634067  2.522771
 2.6474938  2.502766   2.5458121  2.5623355  2.527223   2.6624782
 2.7523086  2.6635625  2.6337175  2.6531622  2.5744352  2.641087
 2.5312507  2.6068006  2.720577   2.6046553  2.7612042  2.6908753
 2.7096243  2.7933552  2.8879762  2.7715862  2.7884982  2.8429747
 2.8043628  2.872616   3.0220485  2.76943    2.9344783  2.800296
 2.9005165  2.948977   2.9940906  3.0471485  3.1421142  3.1166182
 3.0741475  3.1120827  3.0605867  3.0631392  2.9330046  2.979742
 3.0434961  3.0309322  3.1530514  3.141367   3.1672783  3.0847445
 3.1229842  3.0922577  3.0581295  3.17061    3.0673268  2.918139
 2.9680328  3.087514   3.193841   3.1340606  3.1241717  3.0386946
 3.0895889  3.1206367  3.0850387  3.240544   3.1697688  3.2530317
 3.2181232  3.254553   3.202804   3.2506638  3.2873318  3.3709292
 3.2680447  3.1702452  3.13365    3.2333505  3.2689862  3.1533864
 3.1420343  3.1647985  3.1356885  3.1362934  3.1307673  3.100368
 3.1327307  3.157756   3.101599   3.0355933  3.0336394  3.0436587
 3.0686085  3.076371   3.0311127  2.8598092  2.6975951  2.740748
 2.7841763  2.7598739  2.6630485  2.7375793  2.7079725  2.7255409
 2.665482   2.7268972  2.7990766  2.8346584  2.8894224  2.7125907
 2.907002   2.888764   2.8564353  2.8666832  2.8354287  2.9440825
 3.017502   2.8430047  2.754575   2.7530055  2.7644455  2.746124
 2.8123798  2.7662299  2.8571475  2.7241142  2.9644034  3.0261464
 2.8514166  2.959255   2.8146436  2.7907507  2.6201015  2.776489
 3.01108    2.9547617  2.8607454  2.648507   2.6233587  2.7122157
 2.6754978  2.5271406  2.6543026  2.4945874  2.651919   2.6107361
 2.58855    2.703101   2.5296962  2.3713503  2.4057584  2.492751
 2.6876273  2.685302   2.7221556  2.4739668  2.3128757  2.3555143
 2.4011836  2.4422054  2.5358133  2.5336268  2.486624   2.5618756
 2.598772   2.5692296  2.4785235  2.5257614  2.4244425  2.5332665
 2.5415347  2.6717114  2.598214   2.5825312  2.7376025  2.7216654
 2.4615014  2.5352557  2.5891702  2.5903134  2.7234666  2.6007311
 2.5973117  2.6029086  2.8746862  2.6928408  2.8358939  2.7764227
 2.810098   3.0368295  2.906289   2.8480082  2.5582604  2.6384087
 2.6899474  2.8230376 ]
