[1.5239407 1.4863077 1.5506986 1.606074  1.7405262 1.6109139 1.734411
 1.5956335 1.6371263 1.7406929 1.7710423 1.37933   1.4430358 1.4038979
 1.4847379 1.3521333 1.381586  1.2719275 1.2641743 1.348846  1.2999747
 1.3133246 1.47562   1.2620406 1.3783989 1.3421922 1.3390918 1.2522383
 1.3718607 1.3183136 1.5000865 1.5178422 1.4883387 1.4791789 1.5314521
 1.5843242 1.6187098 1.4865583 1.6654409 1.7410179 1.5164951 1.5659646
 1.7930673 1.7314619 1.6912681 1.8218006 1.7394177 1.7285424 1.8838809
 1.8749546 1.7232196 1.6796885 1.6226866 1.6701283 1.7036774 1.7597529
 2.0618637 1.6324217 1.6716222 2.1234498 2.238045  2.1169376 2.2782505
 2.349409  2.2859983 2.3204303 2.3810585 2.3543441 2.4879613 2.4906769
 2.5464425 2.6959796 2.6143088 2.63643   2.4968512 2.457152  2.3780808
 2.423462  2.3707516 2.5306168 2.2866123 2.344582  2.1561801 2.4484375
 2.2311292 2.2075224 2.3058672 2.1165657 2.1902053 2.2219453 2.338057
 2.1959057 1.928562  2.0815568 2.0573604 1.9343132 2.1944916 2.2177906
 2.179808  2.1031613 2.2403834 2.1754332 2.1155505 1.9826363 2.1550863
 2.1945524 2.1527398 2.1168356 2.251245  2.1094801 2.2563946 2.2391155
 1.8808087 2.0130413 2.0215697 2.1877334 2.1229782 2.0984387 2.1770954
 2.272407  2.2121868 2.1240587 2.1071131 2.0821612 2.0799956 2.25352
 2.240039  2.0640821 2.2178426 2.145398  2.2316203 2.3574612 2.4024577
 2.365354  2.403282  2.5009058 2.4228628 2.4641993 2.486103  2.5800898
 2.5504205 2.5304933 2.5377414 2.5582945 2.4668114 2.5103598 2.5645213
 2.4156373 2.4646764 2.6729553 2.51454   2.6118937 2.6877496 2.564095
 2.5205479 2.5204508 2.7275264 2.7542503 2.6616786 2.7284348 2.586566
 2.7416859 2.7309906 2.6817026 2.5633557 2.5785677 2.7057211 2.570481
 2.6000967 2.7264888 2.5199423 2.5682306 2.5619876 2.627249  2.5965266
 2.5700653 2.6568613 2.5425923 2.5848165 2.4815767 2.4295921 2.629139
 2.6742554 2.7785594 2.641048  2.9113848 2.724817  2.6045296 2.6842418
 2.6784437 2.7644756 2.7763848 2.7614157 2.7827373 2.8450236 2.6776807
 2.7416413 2.845655  2.8276525 2.7239327 2.940599  2.7393181 2.852574
 2.7955089 2.9188402 2.8856103 2.695421  2.8586788 3.0812235 3.0166092
 2.936596  3.2108097 3.1174762 3.1453066 2.8846579 3.0518746 3.0957348
 2.7650757 3.1430035 3.0645814 2.9957047 3.1245732 3.0511563 3.0508122
 3.1205206 3.0489693 3.1518295 3.142266  3.052932  3.1120367 3.1105492
 2.9642675 3.0446997 3.1554084 3.0969055 2.9423845 3.017985  3.0584943
 3.1934645 3.1158912 3.0716546 2.7883666 2.945071  3.0388947 3.0064955
 2.84626   2.924376  2.9352236 2.9498472 2.7305005 3.0732477 2.9550478
 3.0241752 2.9873095 2.9005122 3.147388  3.0296233 3.1005852 3.0215893
 3.0207853 3.0538893 3.1182904 3.1145735 2.9250958 2.8876784 2.879749
 3.019157  3.0800955 3.0491407 2.8545017 2.666844  2.6287012 2.8420477
 2.8938992 2.9428296 2.8479476 2.9459753 2.7261126 3.0945203 2.9747732
 2.8346186 2.9736736 2.696538  2.7066991 2.8035917 2.6976058 2.9961061
 2.7782757 2.976939  2.8845885 2.831941  2.998736  2.8816805 2.7900193
 2.8826501 2.7513835 2.8790894 2.9395666 2.8955443 2.8921332 2.8994565
 2.7983387 3.107052  2.9682527 3.0464742 2.9670932 3.1175222 3.0768695
 2.980911  3.061603  2.7553434 2.6493084 2.624633  2.678058  2.7325518
 2.7270317 2.9313495 2.8327167 2.6778436 2.7190084 2.8586526 2.7377446
 2.8353388 2.8419802 2.9998393 3.0790143 2.7263408 2.8713207 2.9300244
 3.0102654 2.7327924 2.978535  3.0493865 2.9957519 3.1090345 2.9361615
 3.075032  3.0606613 3.1854274 3.0080545 3.0973973 3.0441022 3.0972977
 2.9503849 2.821826  2.862227  2.7938993 2.9084702 2.851132  2.7910514
 2.8598542 2.8178573 2.5975628 2.6909013 2.809082  2.5966618 2.6482077
 2.6986918 2.6657243 2.7396717 2.994797  2.7175112 2.7606924 2.884865
 2.6754801 2.8919017 2.824702  2.8097281 3.016051  2.873347  2.836176
 2.8726492 2.9169757 2.8825545 2.868922  2.8634229 2.9270058 2.8687422
 2.94251   2.8991814 3.056253  2.9607766 2.841871  2.802637  2.8968513
 2.93235   2.8623803 2.982836  2.8828259 2.7922745 2.945121  2.8116376
 2.7806175 2.8000104 2.7735858 2.9472694 2.81612   2.9033163 2.880432
 2.9827003 2.851065  2.8281724 2.739819  2.764784  2.7458963 2.8352475
 2.8013024 2.8103998 2.6665814 2.7145853 2.8893223 2.810127  2.6481059
 2.835634  2.7687075 2.793403  2.6644635 2.599137  2.9877062 3.029758
 2.908128  2.881961  2.840962  2.828739  2.765621  2.8990753 2.7564814
 2.6408055 2.698055  2.6680076 2.6532621 2.790381  2.5927465 2.5031211
 2.6668153 2.545314  2.582416  2.6521049 2.4700043 2.5854466 2.6017337
 2.6760516 2.8687596 2.901299  2.9957914 2.9575396 2.8592377 2.8985603
 2.8876615 2.8449855 2.8171065 2.7334018 2.7945333 2.8127022 2.7513149
 2.8083751 2.8306148 2.7784238 2.837548  2.8258612 2.7834713 2.6553025
 2.58934   2.9812918 3.0468142 3.0302389 2.9605343 2.984418  2.9660847
 2.884228  2.8235123 2.9320824 2.8484423 2.9192994 2.8307931 2.6209862
 2.8204212 2.7134101 2.703705  2.7448206 2.6897519 2.7298806 2.8273945
 2.696234  2.8457055 2.8660202 2.6784294 2.8835125 2.8131452 2.6965804
 2.7369676 2.8302786 2.7404742 2.796896  2.7570133 2.7737207 2.883044
 2.729076  2.449297  2.535352  2.5455477 2.50086   2.560779  2.6567864
 2.4999177 2.486568  2.6070101 2.4961708 2.3752236 2.4821014 2.57501
 2.487439  2.4919076 2.5608943 2.5094116 2.558833  2.5665956 2.2883778
 2.4605215 2.5209363 2.6563885 2.6272254 2.643541  2.7354512 2.7211769
 2.840857  2.7443643 2.8525193 2.8584805 2.876629  2.7938697 2.6720626
 2.55376   2.5508256 2.684311  2.5317104 2.5295758 2.5403924 2.5272095
 2.4400249 2.4414182 2.4285789 2.4052682 2.3856153 2.4666753 2.3790624
 2.3917823 2.4526854 2.441028  2.377104  2.461547  2.4707427 2.422839
 2.632731  2.3777764 2.4608119 2.3698266 2.4876962 2.4326289 2.3591363
 2.490209  2.2686052 2.4451926 2.3441398 2.2357078 2.1727011 2.2318997
 2.3962777 2.371186  2.4726539 2.5106661 2.508591  2.579914  2.4993744
 2.5206397 2.509357  2.4764671 2.3285952 2.4131043 2.415449  2.4119143
 2.3538523 2.4185548 2.303526  2.4130862 2.2336023 2.3262265 2.2965393
 2.3281245 2.339164  2.3308768 2.3624847 2.3454754 2.2203686 2.3061314
 2.3360305 2.2621593 2.1961548 2.1015744 2.0343542 2.0538144 2.0353055
 2.0446308 2.1896958 2.1623983 2.2744212 2.2006402 2.1123354 2.092584
 2.077295  2.075405  2.0436306 2.0713856 2.150034  2.1649003 2.1233158
 2.1418667 2.0675547 2.1050162 2.0025623 2.054409  2.0135055 2.0108488
 2.0121202 2.0298932 2.1681101 2.087106  1.959972  1.9576358 1.9986341
 2.1034355 1.9536092 2.0214765 1.9562198 1.8723881 1.9298869 1.8320385
 1.9629222 1.9145066 1.8315136 1.8810359 1.9269245 1.8352804 1.9222286
 1.9796869 1.9902856 1.9378906 1.8807067 1.8124212 1.8584148 1.8654778
 1.8417552 1.8735275 1.8909017 1.7819389 1.906263  1.7279692 1.8564897
 1.8955528 1.8833306 1.9115499 1.9815229 1.9128543 2.0347788 1.9436544
 2.044081  1.9597831 1.9986199 1.9717803 1.9306463 1.8804802 1.9485003
 1.9502363 1.8685687 1.9068828 1.8513241 1.8522695 1.8407767 1.9631599
 1.8301743 1.8666195 1.9010584 1.8699831 1.9123863 1.8147358 1.9010766
 1.9529465 1.9405509 1.8911924 1.8875616 1.8194661 1.882625  1.7939572
 1.7949345 1.7390167 1.8523277 1.8415017 1.8628541 1.8413031 1.8575889
 1.8749194 1.8680828 1.8344145 1.8045269 1.7790331 1.7766541 1.847126
 2.055841  1.9430867 2.0134788 2.072053  1.9763969 1.9770122 1.8452519
 1.8583745 1.9172682 1.9189521 2.0081728 2.0134513 1.9109731 1.9423565
 1.9767674 1.9935597 1.9518234 1.9645888 1.9423227 1.9110581 1.9238278
 2.006027  1.9954106 1.9739377 2.0779448 2.1208978 2.0446343 1.9469752
 2.0134802 2.190059  2.1775177 2.2109838 2.2596288 2.2068584 2.220818
 2.33623   2.3636262 2.2898738 2.2739334 2.1546688 2.2107708 2.2480965
 2.3970535 2.2537303 2.3322394 2.4316447 2.369303  2.1209052 2.3303647
 2.3552654 2.327264  2.2843256 2.2628627 2.2559624 2.2333543 2.2021766
 2.1090198 2.3199842 2.3297288 2.3903916 2.3620632 2.2992747 2.1265676
 2.283819  2.3013952 2.3400416 2.332379  2.1680098 2.19262   2.2175882
 2.2308419 2.257292  2.3681998 2.3960266 2.3116305 2.4139652 2.4447892
 2.3693929 2.535633  2.4392476 2.3418257 2.3254256 2.3196561 2.3692107
 2.3247905 2.2945046 2.3172271 2.3106072 2.2895396 2.3398633 2.336462
 2.2390578 2.3390248 2.3983421 2.2959332 2.2310987 2.298619  2.459171
 2.3983989 2.453255  2.4956405 2.4700627 2.3772383 2.2755125 2.3625164
 2.3429346 2.395843  2.3814642 2.3430078 2.4667008 2.3259466 2.3043327
 2.1135633 2.239242  2.3541937 2.3925965 2.4506114 2.4648845 2.457573
 2.3871906 2.260706  2.3190596 2.3166883 2.4296093 2.3003275 2.3578749
 2.3495505 2.3182645 2.1661456 2.2741256 2.2834203 2.1402764 2.288086
 2.336393  2.4227185 2.4564857 2.2873316 2.2697797 2.2186997 2.2798855
 2.2930386 2.191446  2.2514842 2.1718714 2.1803002 2.175876  2.1747148
 2.3027422 2.4860895 2.5910025 2.4904802 2.4311602 2.5676928 2.6375585
 2.5701869 2.4974468 2.6930702 2.7183845 2.5669487 2.4510481 2.6874344
 2.6489644 2.71447   2.7329705 2.7147114 2.5805142 2.5712202 2.7000031
 2.7922952 2.6419342 2.705055  2.7956984 2.793739  2.9425461 2.6486335
 2.6983533 2.803132  2.84808   3.0340464 3.0561376 2.9746559 3.024503
 3.0961547 3.037336  3.0669398 2.9920216 3.1865695 3.028331  3.1191149
 3.0123093 3.174436  3.2430358 3.115327  3.115887  3.2439604 3.3326051
 3.3246014 3.2962613 3.2513885 3.253932  3.2324798 3.3187377 3.1248116
 3.2769814 3.1182342 3.227643  3.2056754 3.3330183 3.3542328 3.394322
 3.4447913 3.3404174 3.2738562 3.318239  3.4286978 3.3185499 3.3090591
 3.182814  3.3201046 3.3109627 3.380183  3.3111148 3.2416036 3.3506298
 3.1855996 3.206326  3.2875085 3.4671159 3.3418238 3.4767072 3.3869083
 3.389246  3.2468004 3.3278692 3.2431595 3.3017044 3.4210076 3.3798804
 3.274292  3.283761  3.1890223 3.3068871 3.2793684 3.271939  3.3527172
 3.1827908 3.103076  3.1739168 3.2683413 3.30711   3.2531502 3.2528374
 3.0392845 3.083895  2.973602  3.2538831 3.3110597 3.0146153 2.9673123
 2.9701433 2.9944053 3.1532338 3.16837   3.155004  3.0707808 3.0769198
 3.1963499 3.1335955 3.2179766 2.991805  3.1493118 3.300833  3.2351367
 3.1918314 3.1510904 3.1047769 3.1478686 3.060119  3.117173  2.972851
 3.182845  3.2118573 3.2365625 3.0708005 3.4132528 3.3356433 3.1738076
 3.3055818 3.1510367 3.1332116 3.3969564 3.2520158 3.1291754 3.3275893
 3.2101533 3.2788975 3.3189807 3.1347477 3.3217719 3.2320127 3.4185112
 3.5002503 3.4969711 3.4102526 3.3565762 3.4301898 3.4422197 3.4172878
 3.4208817 3.4284112 3.4679682 3.4447145 3.339597  3.2258506 3.2866757
 3.4335916 3.3136892 3.344089  3.4939156 3.400251  3.3313792 3.1495562
 3.201649  3.2592635 3.4365294 3.1994538 3.137438  3.3938577 3.521511
 3.1736887 3.2054749 3.3514316 3.242326  3.5114324 3.3061109 3.269606
 3.467293  3.4431498 3.5330951 3.2526228 3.3457751 3.3611417 3.2796206
 3.3334925 3.3512318 3.291664  3.2395568 3.1151042 3.0965915 3.1423764
 3.074745  3.171381  3.2494102 3.3121576 3.4210463 3.4974427 3.0797434
 3.1803374 3.1887841 3.127837  3.2467577 3.1728086 3.1996777 3.1747336
 3.226329  3.1731634 3.2234046 3.267731  3.1473117 3.1776605 3.1439626
 3.167531  3.137686  3.0363162 3.084338  3.2971416 3.3325427 3.3229823
 3.3194702 3.3854973 3.3274364 3.2000947 3.0779002 3.20185   3.0431418
 3.0724885 3.087014  3.140897  2.9858782 3.0736034 3.0067482 3.0387938
 2.9072323 3.076256  3.0461743 3.0342667 3.0198288 3.0054748 3.0587685
 3.1917741 3.1363442 2.9744744 3.0215368 2.9224994 3.022318  2.9913006
 3.0026999 2.8758078 2.9900105 2.8813338 2.7578857 2.8253407 2.7629852
 2.8603168 2.9068084 2.906476  2.951591  3.011834  2.8514853 2.83808
 2.8177223 2.9236746 2.9627962 2.9887676 2.9834876 2.9810362 2.8603704
 2.9245842 3.010547  3.0364313 3.0047226 3.0370097 3.0338848 3.1003153
 2.9956784 3.0498822 3.012144  2.9777808 2.9849293 3.140631  3.0371933
 3.0923238 2.8517292 3.1456451 3.1115596 3.0913825 3.169392  3.1043677
 3.2612185 3.0787678 3.4589577 3.2275825 3.1896381 3.3262148 3.4067476
 3.2991395 3.2473602 3.1833494 3.1758099 3.0754352 3.0958138 3.0844977
 3.1246717 3.1709425 3.1133497 3.2391803 3.303765  3.1549172 3.2223496
 3.1147282 3.2080784 3.1719875 3.4000995 3.2855725 3.2556987 3.1866684
 3.2742958 3.3875377 3.445463  3.42799   3.3660686 3.3172863 3.3453782
 3.2240012 3.3924587 3.485959  3.4635918 3.2914066 3.4331322 3.4295604
 3.4109573 3.2686815 3.4536507 3.4443192 3.0665445 3.3478246 3.1572418
 3.3684235 3.4951491 3.298967  3.4401684 3.428735  3.3655825 3.483203
 3.5650058 3.3018067 3.3768675 3.5452693 3.6767716 3.2961462 3.3347042
 3.5255697 3.3624673 3.3438275 3.2389874 3.2505586 3.4890451 3.3511856
 3.3289878 3.3903418 3.353699  3.31774   3.3834121 3.5565028 3.4603431
 3.476964  3.182796  3.321385  3.6106603 3.419838  3.4031498 3.4804099
 3.2945156 3.2740197 3.218484  3.249104  3.1810873 3.3468084 3.4957554
 3.3007843 3.287921  3.221409  3.1356459 3.3904455 3.283741  3.1564627
 3.2466092 3.268223  3.1947484 3.1791713 3.3049774 3.2358146 3.2383084
 3.2155561 3.3717864 3.4501226 3.2781873 3.084401  2.965424  3.0611908
 3.1871686 3.262159  3.2487535 3.1110375 3.0526829 3.1022987 3.0448673
 3.0224578 3.0580451 2.9639473 2.9868417 3.0090175 2.9020302 2.887336
 2.8765361 2.8039393 2.8028784 2.8197703 2.7052763 2.8401527 2.781925
 2.7868788 2.6103005 2.7886906 2.8970473 2.822014  2.760565  2.7668312
 2.7850676 2.659217  2.7901978 2.7838356 2.6384268 2.7581468 2.7647371
 2.7497065 2.701293  2.6645632 2.6973233 2.7197318 2.8219318 2.7395985
 2.8430285 2.8109875 2.7755802 2.793043  2.660266  2.8291328 2.7341592
 2.808795  2.8205705 2.708164  2.658127  2.6991024 2.6804266 2.6833174
 2.6864824 2.6024976 2.5393674 2.460425  2.6802588 2.655424  2.7689912
 2.7787879 2.6982217 2.7748523 2.7507865 2.6534822 2.7112887 2.737126
 2.7076888 2.729623  2.784326  2.7554994 2.8135407 2.8432844 2.8224256
 2.7531595 2.832303  2.7870536 2.7515373 2.7465553 2.7380772 2.6965828
 2.8607254 2.7946203 2.712757  2.7395442 2.75909   2.781318  2.7306194
 2.7553508 2.6340613 2.6961904 2.5943978 2.7481267 2.7415078 2.606058
 2.788522  2.7645721 2.8292458 2.7922282 2.8046904 2.6381733 2.5309386
 2.675857  2.7497294 2.6295154 2.6203167 2.6256027 2.5760546 2.6481504
 2.6263287 2.5288656 2.5453906 2.4975605 2.4978597 2.5257878 2.619072
 2.531244  2.5512776 2.546409  2.6570833 2.5851176 2.643975  2.6821468
 2.7399628 2.8940873 2.8962624 2.8062148 2.8205702 2.8468142 2.8532984
 2.867965  2.8890307 2.7378757 2.813364  2.8600621 2.92107   3.0208614
 2.8186526 2.8736243 2.9472845 2.9452937 2.8861554 3.124302  2.8359988
 2.9224539 3.0266047 3.0794616 2.9705806 2.916418  2.8195903 2.854212
 2.7646148 2.818084  2.8591871 2.9369063 2.863972  2.9130607 3.0316947
 2.9169173 3.1370625 3.1691082 3.0829196 3.0166104 3.0545437 3.020238
 2.8644166 2.8734381 2.9444966 3.0312836 2.95428   2.9982371 2.9826448
 2.9463296 2.893865  2.843203  2.8218825 2.936154  2.8548057 2.9630475
 3.0142598 3.0434415 3.151938  2.9118352 2.904479  3.1422598 2.892297
 3.1472385 3.1730072 3.2871146 3.2531145 3.2722235 3.2632508 3.176706
 3.24538   3.1777833 3.1614752 3.2908251 3.4343648 3.340673  3.3710039
 3.295545  3.204884  3.2338798 3.2455053 3.3456633 3.4223998 3.2365115
 3.3274748 3.4269028 3.2297914 3.4061341 3.4639442 3.260911  3.1747136
 3.3782136 3.4854996 3.4310763 3.4232137 3.2374413 3.3184516 3.3270724
 3.2990956 3.530156  3.479932  3.2719364 3.2444093 3.3374505 3.2433238
 3.2905655 3.430348  3.3257    3.4345818 3.2797441 3.240659  3.2519891
 3.457702  3.33297   3.3062737 3.1839068 3.3209121 3.0141792 3.392161
 3.1933773 3.31882   3.2250986 3.5560503 3.353884  3.5206692 3.2951572
 3.2146559 3.4580367 3.4401743 3.4072907 3.5335543 3.4444284 3.4610782
 3.6660616 3.5563848 3.6205616 3.5862362 3.6201928 3.536806  3.4419603
 3.4315171 3.6252122 3.359252  3.3089418 3.3595686 3.321304  3.2553644
 3.3085237 3.344604  3.346188  3.3519418 3.464228  3.2631493 3.2457283
 3.4345722 3.4074934 3.290128  3.356271  3.3469503 3.326289  3.3743317
 3.2859979 3.3995636 3.3092008 3.3007991 3.3559723 3.446433  3.3969295
 3.3244793 3.2798283 3.113618  3.1710122 3.150669  3.2559454 3.239142
 3.2937353 3.273469  3.4660027 3.428562  3.338157  3.2819092 3.1954966
 3.293678  3.0608802 3.1233397 3.1362355 3.1477284 3.163599  3.14379
 3.204585  3.103862  3.331128  3.4329383 3.4818406 3.34334   3.3885264
 3.3539088 3.334268  3.2798598 3.5230718 3.5265064 3.4897363 3.4748068
 3.4240239 3.3152344 3.5000029 3.4244242 3.4450428 3.3189788 3.3849669
 3.4463997 3.2910244 3.3243039 3.2336752 3.3585875 3.43176   3.4702096
 3.4773753 3.4828885 3.4861403 3.488254  3.417876  3.4738083 3.3443768
 3.3073945 3.3331404 3.3145459 3.3435695 3.3830216 3.443027  3.4208632
 3.4111242 3.433813  3.4917555 3.5169256 3.4741414 3.4026399 3.4819179
 3.4036558 3.3702543 3.3851166 3.3300366 3.3739572 3.2656202 3.3310058
 3.2744136 3.2570677 3.324822  3.3050656 3.222599  3.3206315 3.210592
 3.3037984 3.2778769 3.2536144 3.217882  3.1982775 3.1774077 3.1427069
 3.1135206 3.230458  3.255952  3.3382928 3.2971475 3.2817595 3.2591233
 3.2812133 3.3464937 3.2877154 3.2775526 3.2724023 3.3183143 3.2675388
 3.2869012 3.1882987 3.2238498 3.162522  3.2739797 3.1511016 3.1977909
 3.128146  3.2327197 3.1662364 3.2511477 3.2131307 3.1998835 3.2383199
 3.1355505 3.190386  3.1958764 3.1207242 3.0496397 3.0688403 3.0842729
 3.027206  3.0522852 3.0070543 3.1024299 3.0845513 3.0728514 2.9573922
 2.9897122 2.9458864 2.9321961 3.119704  3.0003374 2.9284873 2.9295366
 2.7937493 2.8370726 2.9162998 2.9087183 2.9151573 2.8642552 2.96348
 3.006891  2.9765677 2.9092786 3.0063407 2.9715395 2.8758872 3.0153294
 2.966249  2.9789734 2.9408903 2.9432518 2.98974   2.9210582 2.9137454
 2.972162  2.8995488 2.9350848 2.9471495 3.0205386 2.9538057 3.022502
 3.0406103 2.914484  2.918036  2.9876304 3.0731113 2.968225  2.998464
 2.9388876 2.9148107 2.829994  2.932451  2.872133  2.9157856 2.851342
 2.900617  2.864801  2.8297682 2.92452   2.8359196 2.903503  2.908316
 2.8498824 2.8447418 2.854348  2.880845  2.9371946 2.8658385 2.8346539
 2.8207655 2.8906376 2.8663247 2.8771057 2.9164255 2.8170323 2.893006
 2.8808653 2.9477272 2.8697343 2.7968147 2.8151648 2.910686  2.913456
 2.994045  2.9963055 2.8498945 2.8796172 2.9679344 2.9733224 2.9911323
 2.9377148 3.0708272 3.0585327 2.9101067 3.0280554 3.0665047 3.0397189
 2.992551  2.9761941 2.901201  3.002845  3.0705056 3.0872707 3.1294339
 3.156442  3.05674   3.061917  3.0908444 2.9559605 2.9289591 2.9163141
 2.916737  2.8961523 2.9019513 2.8413355 2.9011097 2.8558705 2.830045
 2.8174338 2.9638414 2.8255324 2.801253  2.751705  2.7954764 2.913244
 2.8446944 2.9363573 2.902447  2.942596  2.989432  2.9411612 2.9548504
 2.9486175 3.008785  3.0021377 3.0092611 2.9236977 2.9254982 3.0811214
 2.8872976 2.9099257 2.9737978 2.9439707 2.9585178 2.9876516 2.8219602
 2.9785988 2.9464667 2.957692  2.8979073 2.9774282 2.9043467 3.0351884
 2.9428203 2.9067953 2.933226  2.9106843 2.952662  2.8584363 2.9024634
 2.8652582 2.7835026 2.9580684 2.950211  2.8851695 2.8111188 2.9090729
 2.9219906 2.8969707 2.9700944 2.889771  2.9146369 2.9612675 2.9366362
 3.028204  2.9198372 3.0748982 2.924719  3.0086775 3.0315418 2.960534
 3.0086684 3.0289621 3.0104113 2.8864062 2.9853213 3.0870812 3.042909
 2.9903424 3.0970793 2.9922411 2.9536161 2.9839323 3.0197    2.8921525
 2.7952678 2.8986936 3.016418  3.0367815 3.071082  3.0139637 3.0416236
 3.0108504 3.0705724 3.0406535 2.9401388 2.9954865 2.988037  2.992795
 2.950584  2.9087572 2.9252613 2.9314504 2.8438146 2.9305325 2.9473886
 2.9111316 3.0604427 2.920805  2.9017441 2.9660926 2.9741194 2.950573
 2.8499627 2.9385176 2.8810616 2.9045863 2.8247712 2.83319   2.7824926
 2.7848725 2.8155496 2.9561675 2.8071516 2.8568068 2.8136542 2.8748286
 2.8535774 2.6562188 2.7566934 2.7907481 2.922827  2.9849703 3.018012
 3.0308495 3.021839  3.0372548 2.9360173 2.8853889 2.8888986 3.006022
 3.0412028 2.9173129 2.943178  2.7820733 2.7770486 2.8836248 2.8372948
 2.7858994 2.7914758 2.8478713 2.8296497 2.8977726 2.804459  2.8104184
 2.8351352 2.8031301 2.788436  2.7691994 2.7800834 2.874619  2.7959805
 2.7917368 2.6524014 2.7249546 2.436032  2.673831  2.7342234 2.6177902
 2.5405688 2.7811162 2.5619514 2.549263  2.6130571 2.6490805 2.572569
 2.6399808 2.6106262 2.5855558 2.6087043 2.6088274 2.6023946 2.6734161
 2.7065976 2.4844124 2.5466208 2.5721295 2.474298  2.5396698 2.5438094
 2.521009  2.5599544 2.5533326 2.434347  2.4987817 2.4394958 2.5040915
 2.4905107 2.5167246 2.5013642 2.5655942 2.5332894]
