[1.029335   0.94193774 0.93902856 0.8531879  1.0893875  1.0256495
 1.094973   0.92309934 1.0818413  1.0650331  1.0626111  0.40012363
 0.40950707 0.45360473 0.38161778 0.42317152 0.46164188 0.49236342
 0.59295017 0.4559039  0.4892507  0.5676547  0.45305863 0.45630184
 0.50523984 0.5206423  0.50508994 0.5668364  0.57317966 0.5252991
 0.61750615 0.5755031  0.6373468  0.61082876 0.58776855 0.66503733
 0.6624121  0.60572034 1.1092188  0.70196825 0.81692404 0.9325976
 1.2759614  0.84731674 0.837543   1.0686307  1.1190085  1.1031338
 1.1526582  1.091708   0.8160136  0.84848917 0.7397757  0.9176434
 0.9439644  0.9014035  1.0091414  0.88766354 0.9052735  1.1134235
 1.1687678  1.0284923  1.2602518  1.0399036  1.2099177  1.1087741
 1.3319727  1.2093118  1.2922072  1.1325483  1.2066554  1.1654127
 1.0958996  1.1734972  1.2216401  1.1019439  1.150042   1.1907976
 1.1510484  1.2208652  1.0240029  1.1224341  1.0595393  1.1692308
 0.9922604  1.0310131  1.1583453  1.0253268  1.1560419  1.172213
 1.2470304  1.0488914  0.87183553 1.0585018  0.9257777  0.7994229
 1.1270593  1.203924   1.1267067  1.0782399  1.1249621  1.1137531
 0.9567552  0.98831207 1.1290792  1.0064287  0.9871802  0.977358
 1.103311   1.1094398  1.2509345  1.1637734  0.9441012  1.0103753
 1.0053968  1.2202065  1.1839777  1.0707873  1.1698331  1.2180035
 1.1922544  1.1800659  0.97690123 0.9034748  0.9462819  1.0917326
 1.0689751  1.1618862  1.1315807  1.1587096  1.1918489  1.2307904
 1.2262425  1.1936156  1.2695628  1.2874504  1.2243733  1.2510436
 1.2533242  1.3114119  1.2580808  1.2393944  1.3368374  1.2475944
 1.2800019  1.1477755  1.3684984  1.2793534  1.2952365  1.2774782
 1.2266012  1.2120843  1.3732861  1.29298    1.2912145  1.277947
 1.2322369  1.2238573  1.2121239  1.228457   1.2296174  1.2648917
 1.356153   1.3148444  1.2810552  1.2976569  1.3574797  1.3138481
 1.2752246  1.2813717  1.138401   1.1168326  1.3068757  1.3709612
 1.2815572  1.306987   1.3067516  1.3047739  1.3127091  1.1599447
 1.2533996  1.25149    1.320827   1.2639866  1.3566711  1.3734249
 1.3326442  1.2392071  1.2816031  1.3744942  1.4159613  1.3337309
 1.3891609  1.3887786  1.4032294  1.358793   1.3270369  1.3905057
 1.4081116  1.3679652  1.3950408  1.4049149  1.5373733  1.3915672
 1.4729705  1.5343373  1.3666843  1.4768343  1.390732   1.3646505
 1.3618302  1.4142127  1.3716532  1.3359019  1.3771064  1.4057577
 1.3411605  1.2184646  1.4492003  1.4866294  1.4535178  1.5040964
 1.3765517  1.3777775  1.3845603  1.5103694  1.486869   1.4282068
 1.4480975  1.3635583  1.3643515  1.3036083  1.291057   1.4215858
 1.5072497  1.3251011  1.3818554  1.2879329  1.4402164  1.3808078
 1.3295796  1.3326911  1.5293986  1.48448    1.4853234  1.5206107
 1.4899282  1.5272413  1.410446   1.3687785  1.4142655  1.5270733
 1.5876181  1.6374092  1.4222413  1.4657693  1.4828576  1.5463017
 1.4664586  1.4814831  1.6013713  1.5510626  1.6082835  1.5785924
 1.577475   1.5287052  1.5068291  1.5204589  1.6050807  1.5433428
 1.5039726  1.5286509  1.5428197  1.4445224  1.4784763  1.6505647
 1.5594863  1.455555   1.4707081  1.48965    1.4661748  1.4528843
 1.3423219  1.4477302  1.4039781  1.3780533  1.4343574  1.3016626
 1.3986429  1.4258796  1.2567248  1.5965194  1.49001    1.4314529
 1.5126005  1.5036364  1.4249135  1.4669602  1.3294951  1.363823
 1.4001257  1.4228901  1.3878547  1.4786975  1.481829   1.4962696
 1.460402   1.3040432  1.3095101  1.3199962  1.2936231  1.4108628
 1.4011776  1.410814   1.3259176  1.229618   1.2990149  1.2866193
 1.3521228  1.404597   1.4031878  1.0691006  1.3779004  1.3824841
 1.3962272  1.4220499  1.3973575  1.4977922  1.4663893  1.4409885
 1.4373995  1.4241767  1.5373808  1.4352075  1.4775091  1.4941318
 1.4670733  1.4576708  1.4715669  1.3330928  1.408867   1.5047162
 1.5198177  1.3814088  1.3978709  1.3579955  1.4052868  1.3915471
 1.3996078  1.2970707  1.3634809  1.3313552  1.2241377  1.3390943
 1.3351665  1.366531   1.2908384  1.3261777  1.3262147  1.3668579
 1.393474   1.3405976  1.4137777  1.3408058  1.118482   1.2872592
 1.3780836  1.2555962  1.5826827  1.407999   1.3625674  1.403915
 1.335946   1.358348   1.2813063  1.3355933  1.4197145  1.3751885
 1.3094518  1.3260477  1.3758758  1.3275582  1.392151   1.3073297
 1.3644458  1.3702785  1.3649164  1.3962125  1.3293747  1.4591959
 1.3642724  1.3878125  1.3446977  1.5081152  1.5441179  1.5305736
 1.4081237  1.3707125  1.442039   1.452443   1.4592164  1.3683602
 1.3007292  1.3154751  1.2874718  1.3617634  1.3566027  1.424418
 1.373583   1.4268218  1.4839731  1.4503744  1.3609416  1.318253
 1.3456801  1.3383949  1.358219   1.360583   1.5504384  1.4864168
 1.425849   1.3110263  1.2764761  1.2540152  1.1524472  1.2540712
 1.1521348  1.0712883  1.0699763  1.1983117  1.1343265  1.1527419
 1.0744748  1.029414   1.0627506  1.0147462  0.99705124 1.0944351
 0.98400563 1.0785897  1.1033087  1.1942791  1.4330778  1.4329637
 1.4017591  1.4104588  1.2802823  1.2873052  1.1330568  1.1553426
 1.065009   1.2453666  1.227302   1.1634392  1.1842293  1.1665217
 1.1099801  1.1234655  1.0587693  1.1142777  1.1861162  1.2076427
 1.1369417  1.3133852  1.3025869  1.295679   1.3178     1.3980415
 1.3364917  1.1563829  1.1179308  1.0954821  1.124302   1.0828383
 1.1466238  1.0447254  1.1050917  1.1281823  1.1094875  1.0851963
 1.1323119  1.1418225  1.1835493  1.081258   1.1727033  1.2250961
 1.1874533  1.1586877  1.1163424  1.128644   1.2594994  1.1876622
 1.2050776  1.1606823  1.2751245  1.1910186  1.3133602  1.3250905
 1.1351542  1.1454519  1.1123254  1.0949167  1.0585072  1.0512295
 1.0411952  1.1395444  1.2068198  1.2055146  1.1226304  1.0602887
 1.16829    1.0950882  1.062915   1.171155   1.0993457  1.1511142
 1.0473815  0.92186606 1.0902522  1.079186   1.1062244  1.1267594
 1.1691378  1.2553272  1.2341623  1.2206548  1.145495   1.1851485
 1.2245307  1.3666635  1.3373684  1.307908   1.1152419  1.2580265
 1.2497698  1.2512817  1.2693076  1.2474594  1.2115612  1.169999
 1.1614318  1.1877872  1.2455531  1.2970771  1.2962127  1.2145103
 1.2700492  1.2462606  1.1665078  1.1305894  1.2258515  1.2790449
 1.1920464  1.2450691  1.1232125  1.1199214  1.0802648  1.1705687
 1.1375123  1.2117677  1.1843512  1.1204693  1.1402763  1.0518032
 1.0246749  1.064393   1.1198165  1.0230747  1.0942653  1.1817524
 1.2170587  1.2669959  1.2052003  1.2453474  1.0626798  1.1271371
 0.9261241  0.85676414 0.996498   0.9128366  0.9265305  0.8580558
 0.94389    0.7985524  0.83549106 0.7742565  0.8354196  0.86019725
 0.8561048  0.90209526 0.8933841  0.8777637  0.9241506  0.8462992
 0.8808412  0.84094703 0.8684435  0.93616277 0.88102764 0.86631846
 0.8247126  0.81678873 0.859347   0.8167664  0.7690644  0.83109176
 0.87915844 0.900183   0.86679494 0.81591463 0.83099264 0.8032612
 0.84937316 0.92639595 0.97041357 0.9526302  1.0573477  1.0295326
 0.97576994 0.8778714  1.0123633  0.95250565 0.93908554 0.9816502
 0.9111652  0.9664722  1.0545961  0.98228645 0.99001116 0.9954541
 1.0361753  0.9435798  0.9657944  0.88703954 0.90776616 0.8949503
 0.86432153 0.92880875 0.87805045 0.8859315  0.93556875 1.0447092
 0.95480675 0.99902344 1.0759213  1.0913278  1.05743    1.0241101
 1.0252094  0.9765558  0.9711134  1.052478   0.98009723 1.076735
 0.93879443 0.97982335 0.74149424 0.9027989  0.962823   0.98948014
 0.86210895 0.9866376  0.96909314 0.9503476  0.96155316 0.929597
 0.96443754 0.8890791  0.9410119  0.85568047 0.90666986 0.9367364
 0.9233004  0.90509766 0.92630154 0.7958712  0.82450604 0.93997455
 0.9640154  0.76386684 0.84520495 0.8356837  0.8067573  0.8476341
 0.8069583  0.81678736 0.8394916  0.8985586  0.8625949  0.8201323
 0.8889669  0.8593052  0.7877391  0.79540867 0.78238815 0.8158827
 0.78848326 0.8395826  0.7657623  0.8545581  0.8386083  0.9008596
 0.79301965 0.8350027  0.7692543  0.74720794 0.83280957 1.087263
 0.9995491  0.98597443 0.9955237  1.0271455  0.9745152  0.9289619
 0.8834294  0.9852528  0.9524745  1.0698704  1.089044   0.9670523
 1.0448053  0.9562734  1.0567342  1.0557303  1.0580541  0.95854723
 0.96712756 1.0310819  1.1241622  1.040824   1.0703536  1.0928233
 1.0896647  1.0927047  1.1208708  1.1163164  1.1026515  1.0982174
 1.1651024  1.099012   1.1037178  1.0324669  1.0570216  0.9506927
 1.0789249  1.0605426  0.96163803 0.98733723 1.0129025  1.1158235
 1.0009891  1.0273569  1.0783625  1.0003738  1.0757811  1.1076437
 1.1201144  1.035832   0.98774195 1.119076   1.1502357  1.0961002
 1.16948    1.0518813  1.1087663  1.1369945  1.08992    1.1492717
 0.9715109  1.062241   1.0199088  0.9867451  1.0472487  1.1010134
 1.1045549  1.055717   1.0802816  1.0711637  0.9410987  1.0235277
 0.95426357 1.086976   1.0582846  1.1354117  1.0893451  1.1318572
 1.1677049  1.0869895  1.1011461  0.9692187  1.048548   0.9808231
 1.160656   1.1746522  1.1658468  1.1757833  1.1011983  0.9870587
 1.0944177  1.0412043  1.1080312  1.0661914  1.1156398  1.1481189
 1.1109159  1.0977409  1.1682438  1.0699407  1.0498122  1.0472226
 1.0714821  1.1112443  0.9898922  1.0324585  1.0704836  1.0423485
 1.1197917  1.0652511  1.1353872  0.9778576  1.0418788  1.0479581
 0.9798229  1.1134722  1.1579846  1.0130568  1.0899392  1.0278101
 1.126752   1.1164758  1.0848057  1.0655968  1.1928905  1.0046917
 1.0716739  0.95843977 1.1074553  1.0673391  1.0873507  1.0923276
 1.1550405  1.186326   1.2231189  1.127127   1.0962831  1.1774192
 1.1528977  1.1982266  1.1039836  1.0950978  1.0455287  1.0699937
 1.1674336  1.2050796  1.077622   1.2312019  1.2035291  1.2537737
 1.1588577  1.2953938  1.318288   1.3898952  1.2473803  1.3824142
 1.389223   1.2352002  1.3556302  1.4200739  1.3561795  1.473452
 1.3569067  1.1420052  1.2884693  1.3710444  1.2777271  1.142602
 1.1175625  1.3422333  1.2288796  1.1839702  1.2774559  1.2982086
 1.2967285  1.3314732  1.2968057  1.3239808  1.3266146  1.2213275
 1.4048285  1.3894806  1.3508196  1.4429309  1.4201919  1.4330726
 1.3682537  1.4414815  1.443224   1.4190688  1.4875174  1.5261914
 1.3842634  1.5358909  1.4883953  1.3800938  1.4186773  1.4283208
 1.3697066  1.490058   1.5146844  1.4718105  1.4945911  1.3808731
 1.3370388  1.3200386  1.4407318  1.3270836  1.4391532  1.4507276
 1.2832743  1.4322816  1.3645325  1.4572622  1.3737948  1.3391929
 1.354128   1.3778805  1.419374   1.5035905  1.3878578  1.3726043
 1.2882113  1.4403782  1.3753068  1.3747711  1.4103515  1.4140317
 1.5122993  1.6333671  1.4721637  1.5127833  1.6133677  1.546123
 1.5633391  1.4403398  1.5199252  1.4387894  1.4330093  1.3789259
 1.4083325  1.5284597  1.2686939  1.5462053  1.4014052  1.531764
 1.3596337  1.3374288  1.4406341  1.594472   1.3281175  1.4710275
 1.4849758  1.5064094  1.4375076  1.4049281  1.4733514  1.4528483
 1.3815554  1.2990073  1.3649744  1.3229234  1.3362489  1.3833425
 1.4492723  1.3991816  1.3500515  1.4767547  1.4613676  1.386241
 1.4495866  1.5151361  1.2932318  1.4674366  1.4114692  1.3071028
 1.2458932  1.4096503  1.3309504  1.3305708  1.3354803  1.3829325
 1.3946686  1.4949174  1.3844059  1.5561347  1.4363067  1.4222031
 1.4623481  1.4326205  1.4288565  1.4327756  1.3767555  1.3347805
 1.4346516  1.3722764  1.4321508  1.3296969  1.4055879  1.4655335
 1.6080642  1.6001017  1.4903584  1.5561047  1.3821671  1.4429085
 1.3106921  1.4276801  1.4206821  1.3747263  1.3091203  1.2574357
 1.4357463  1.3472667  1.3476416  1.4821652  1.4351718  1.4259338
 1.4326376  1.4303575  1.2906883  1.4040236  1.2483686  1.4462179
 1.3988297  1.415591   1.3039783  1.3647859  1.4283972  1.4243369
 1.3510008  1.4776063  1.4107393  1.4495202  1.4719378  1.3647892
 1.3705128  1.3411263  1.4136473  1.3658487  1.3736532  1.3993055
 1.3934019  1.3735902  1.3353488  1.4223012  1.4110504  1.4338517
 1.4375274  1.3843467  1.4365387  1.4768028  1.3628992  1.4679618
 1.4129126  1.3661346  1.4505433  1.4356458  1.4347558  1.4389174
 1.429696   1.4478577  1.3988351  1.4586278  1.4039662  1.3805743
 1.415967   1.4125202  1.4459474  1.3255041  1.3952601  1.3635955
 1.3511207  1.3373096  1.4328114  1.3682617  1.397533   1.433732
 1.402786   1.326644   1.2488326  1.1772879  1.2607548  1.3209726
 1.3319707  1.3791187  1.424226   1.3697608  1.4328358  1.3398275
 1.3662138  1.2472163  1.3758819  1.3579541  1.4007676  1.4358768
 1.427682   1.3595446  1.4050894  1.432668   1.374517   1.3958341
 1.3328834  1.3392191  1.302088   1.3969849  1.3519258  1.3857373
 1.3779675  1.3814287  1.4133979  1.3837489  1.3831267  1.494414
 1.3632977  1.3558128  1.3504293  1.3396267  1.3126704  1.2855206
 1.3794308  1.4603028  1.5113279  1.4876102  1.485385   1.3222734
 1.4518603  1.4940107  1.4651161  1.4624419  1.4625076  1.4380726
 1.401712   1.3480117  1.4160874  1.4191458  1.3627635  1.4489146
 1.4868853  1.3628325  1.400022   1.3985801  1.4772146  1.5114475
 1.4696327  1.5101261  1.4513108  1.297109   1.4301934  1.5299124
 1.2891985  1.510412   1.5451447  1.473798   1.3392675  1.3882118
 1.572861   1.5295856  1.4300185  1.4461627  1.5089715  1.4788221
 1.2081522  1.4643277  1.4891211  1.5802758  1.5359385  1.310994
 1.2602519  1.340082   1.5631658  1.3225302  1.3195068  1.3338093
 1.3034196  1.3425434  1.3195434  1.2599381  1.3195926  1.3574736
 1.2939718  1.3080964  1.5025506  1.5745071  1.3964164  1.5785345
 1.5798875  1.4760135  1.2845417  1.3250409  1.5265206  1.4768866
 1.4350089  1.3780322  1.4324377  1.4381657  1.3898041  1.383445
 1.4641576  1.3180418  1.3803034  1.5408946  1.4731613  1.3065193
 1.4832007  1.5624908  1.457076   1.4070787  1.4766014  1.4550605
 1.3548087  1.5393363  1.4739472  1.5448202  1.5083991  1.3830142
 1.503008   1.4615262  1.4391875  1.4538113  1.3050267  1.202549
 1.3891484  1.3663702  1.3298461  1.3935587  1.4024839  1.4384499
 1.4522626  1.5357938  1.316678   1.3315551  1.4257772  1.4046683
 1.40488    1.3718214  1.4351475  1.2719076  1.4445     1.3526328
 1.2111729  1.3459026  1.416589   1.294639   1.4157666  1.3219069
 1.3831692  1.4017509  1.3109909  1.3729333  1.4176635  1.3959053
 1.4188074  1.4194107  1.3760588  1.2210432  1.3960137  1.4009322
 1.448085   1.4340974  1.3998059  1.3681114  1.3855875  1.3727968
 1.4090211  1.4227122  1.3816948  1.3501655  1.3700123  1.3271383
 1.2836003  1.2160231  1.2240485  1.1501116  1.2665473  1.2537047
 1.290562   1.224476   1.2176481  1.2257049  1.2864403  1.1423279
 1.2355875  1.3521552  1.3992476  1.1800582  1.3080847  1.3617455
 1.259164   1.2754893  1.3182669  1.2411245  1.2347678  1.3083814
 1.1819242  1.2161908  1.2852113  1.2786186  1.2959512  1.278612
 1.2346677  1.3033651  1.2514378  1.1392214  1.2845103  1.139408
 1.2624838  1.1632774  1.2546346  1.3376691  1.2481914  1.21141
 1.162281   1.1479774  1.2040792  1.2031534  1.1927139  1.1711192
 1.1746565  1.2643921  1.333901   1.3729867  1.3555818  1.3781897
 1.3289059  1.3690678  1.3344674  1.2994183  1.2504125  1.2086858
 1.3626331  1.3825978  1.3648461  1.3321445  1.3595593  1.2627155
 1.294982   1.3900037  1.3836607  1.323977   1.3562922  1.3410399
 1.2356699  1.3072575  1.2574284  1.2314719  1.2483321  1.2561071
 1.3556008  1.3323121  1.356258   1.2727643  1.3305056  1.1829579
 1.3262345  1.3162155  1.2828681  1.3052212  1.2660975  1.3268251
 1.2922767  1.3154644  1.2383006  1.1815852  1.2667629  1.2890638
 1.2370058  1.2291944  1.2084675  1.2380782  1.2866085  1.231587
 1.1967947  1.1560241  1.2243361  1.2247     1.1875352  1.2397946
 1.1670729  1.1840628  1.2045155  1.2972777  1.1949167  1.2751019
 1.3186405  1.3464205  1.3356079  1.3733633  1.3565238  1.3342847
 1.3677566  1.3880796  1.360604   1.3513774  1.3410228  1.3199512
 1.2807972  1.309709   1.177183   1.3779571  1.299019   1.3270285
 1.3911611  1.3241466  1.3260226  1.371998   1.3641217  1.341826
 1.3379654  1.3722311  1.4312006  1.4140955  1.3576828  1.387585
 1.4836934  1.4672707  1.4230903  1.4462979  1.4347103  1.3748783
 1.3014244  1.4479357  1.4169806  1.3550478  1.4153169  1.4495429
 1.4533904  1.4992044  1.503761   1.5883877  1.5448498  1.5377542
 1.5505787  1.5683291  1.5536745  1.4924511  1.517126   1.532258
 1.4623078  1.4771663  1.5321302  1.5753336  1.568904   1.5033934
 1.4944181  1.5056466  1.4465446  1.492636   1.5157186  1.6597788
 1.5141107  1.6084698  1.6423675  1.5949506  1.6879272  1.6378368
 1.6591619  1.7171994  1.5654247  1.5726433  1.63494    1.5226755
 1.535134   1.7137632  1.6399934  1.630741   1.516074   1.5770806
 1.6111554  1.4951711  1.5570115  1.6504751  1.59456    1.5075372
 1.5430057  1.4732949  1.5358231  1.5851724  1.664291   1.5369188
 1.4206203  1.5648496  1.5923245  1.6183641  1.6813548  1.5658336
 1.58688    1.5601319  1.6004822  1.5925764  1.5710604  1.5412359
 1.6651624  1.5859126  1.654404   1.6624262  1.6089097  1.5252537
 1.5543967  1.6610602  1.6622492  1.5009143  1.5304682  1.6323854
 1.6540222  1.5571151  1.5839077  1.6119703  1.5121241  1.6331735
 1.5947716  1.5925146  1.5390115  1.4723188  1.534499   1.5960604
 1.6234411  1.7719593  1.7175647  1.6827016  1.5175893  1.5678482
 1.6768227  1.7765818  1.7590919  1.6938969  1.6912775  1.6644224
 1.581309   1.6049024  1.5223383  1.4511644  1.4470043  1.4827731
 1.4133114  1.4588492  1.4719408  1.5561575  1.5145235  1.4249167
 1.3619207  1.3769258  1.357422   1.3553652  1.3545471  1.3716978
 1.5456324  1.4205846  1.3596979  1.269212   1.2936691  1.2811213
 1.4397793  1.4022492  1.4177643  1.363204   1.452614   1.4778198
 1.444509   1.4126362  1.393577   1.3976297  1.36301    1.3524029
 1.2798704  1.3103768  1.3295873  1.3337039  1.4282843  1.4508973
 1.3857493  1.4475831  1.4082085  1.4131564  1.4005322  1.3854342
 1.3658153  1.4273785  1.4333568  1.4172254  1.4259846  1.2652994
 1.2964214  1.3504337  1.4876488  1.4699887  1.5207263  1.4412067
 1.3314546  1.3769515  1.377743   1.3116537  1.3521222  1.323073
 1.3683953  1.4093031  1.4698435  1.4367467  1.4271529  1.3804703
 1.4027556  1.4674855  1.3897544  1.4511979  1.3924006  1.4951847
 1.4380373  1.4092472  1.2790084  1.3791214  1.380319   1.3947352
 1.4440813  1.5216975  1.4617872  1.6064903  1.4061066  1.3971487
 1.4122852  1.4328712  1.4682199  1.382613   1.4695511  1.4351643
 1.3207109  1.3845693  1.2992467  1.3578976  1.3179712  1.2661537
 1.324357   1.3290915  1.3461221  1.266044   1.3746023  1.3663062
 1.2948514  1.3639355  1.3582892  1.3547436  1.2980412  1.2869301
 1.3059869  1.3511581  1.2639297  1.3280747  1.3690295  1.4540857
 1.3554997  1.3322377  1.2571626  1.2365447  1.3387085  1.3254546
 1.2889303  1.2757133  1.3413485  1.1741183  1.1823844  1.1918215
 1.2861693  1.2103174  1.2834026  1.1130023  1.1482723  1.1074018
 1.1497846  1.1601827  1.2631779  1.1538948  1.1352899  1.223729
 1.0581105  1.1302727  1.1956366  1.1347305  1.1458857  1.1270039
 1.1817083  1.0965631  1.0823345  1.083247   1.2041664  1.2122064
 1.181007   1.1112419  1.0895424  1.1145127  1.0773236  1.1602746
 1.1509252  1.0716136  1.0194991  1.080827   1.1428343  1.1487955
 1.1720014  1.1162472  1.0597079  1.0970668  1.0929736  1.1403428
 1.0759987  1.1703708  1.1955698  1.1361032  1.1582041  1.110189
 1.1239866  1.07759    1.1585903  1.2141219  1.078775   1.0625694
 1.1208696  1.0916572  1.1145105  1.1014969  1.2210866  1.1554897
 1.2795169  1.1968501  1.0974559  1.1224859  1.1345136  1.2336524
 1.2138344  1.195249   1.186902   1.1556056  1.1125785  1.1720935
 1.1252376  1.1044383  1.1007844  1.1489079  1.1550893  1.1034378
 1.1491059  1.0893253  1.1199914  1.0722837  1.0789881  1.0806582
 1.0540909  1.0909194  1.1053891  1.1292629  1.0773008  1.033494
 1.0592784  1.1064513  1.1047657  1.1426595  1.0956285  1.0153866
 1.1225598  1.1622655  1.1639571  1.0772306  1.0260706  1.0428555
 1.0448635  1.1425059  1.146717   1.0635185  1.1644508  1.230302
 1.1256782  1.1731876  1.128927   1.1562204  1.1881404  1.0960743
 1.1382865  1.1138377  1.1183591  1.129335   1.1228611  1.138324
 1.1281104  1.2685001  1.2357566  1.2199178  1.2785776  1.2494603
 1.1528863  1.1726556  1.149317   1.0026598  1.0433161  1.0390507
 0.86958075 1.0392338  0.84652245 0.88287616 0.9895746  0.9380665
 0.8683656  0.97958255 0.8968194  0.8635476  0.82435757 0.8477082
 0.9136687  0.8827177  0.8763909  0.84527975 0.9103767  0.9083625
 0.91167873 0.8645392  0.8847231  0.9241658  0.9873592  0.99064183
 0.9678471  0.9487655  1.0760046  0.92576426 0.95383114 0.9895127
 0.89688146 0.9348089  1.0928336  1.1502835  1.2132595  1.129263
 1.1014935  1.1095697  1.1818246  1.1264808  1.2495718  1.2195942
 1.2053     1.1421758  1.1939783  1.1770365  1.1130463  1.2081044
 1.1572497  1.1028819  1.1587161  1.239151   1.1346253  1.1410562
 1.1962277  1.2510023  1.1411644  1.2444519  1.2029738  1.1401365
 1.1945044  1.1421444  1.1842755  1.1716149  1.2514658  1.1902988
 1.1362547  1.1473806  1.0782632  1.0115821  1.1090542  1.1729777
 1.0890737  1.1119063  1.1639475  1.1177825  1.0672723  1.1868719
 1.1070099  1.0868859  1.1264292  1.1997386  1.136417   1.1405326
 1.1646647  1.2265165  1.1815635  1.2309577  1.2186158  1.2311461
 1.1938273  1.2266618  1.2284592  1.1318846  1.1619517  1.2549983
 1.2805904  1.22218    1.1683066  1.2086868  1.1659746  1.1553936
 1.0654718  1.1157861  1.0862393  1.1775593  1.0406774  1.1162195
 1.0924833  1.0614715  1.1733354  1.1230699  1.1260481  1.0937186
 1.0756261  1.1142396  1.0809184  1.0088097  1.1047224  1.1545637
 1.216462   1.1848654  1.1495163  1.1157833  1.1553936  1.1891953
 1.0659348  1.2122372  1.1946797  1.2855293  1.2577605  1.2929955
 1.2839433  1.3180977  1.3265849  1.2832077  1.1822679  1.1304367
 1.2546922  1.2834362  1.2624487  1.2750994  1.1116021  1.162711
 1.1595302  1.1442921  1.251393   1.1556605  1.1837729  1.1933957
 1.2023095  1.1415266  1.1199479  1.0791637  1.1479764  1.1229151
 0.9930397  1.1375864  1.1975543  1.068966   1.0873121  0.9671119
 1.0316998  0.8241793  1.0273119  1.0611557  0.86693734 0.87918293
 1.0986918  0.8371389  0.9727595  0.93357694 0.92947096 1.0252138
 0.9752317  0.9613423  0.9373066  1.011261   1.000142   1.0566924
 0.9946934  1.0520668  0.93286973 0.9704068  0.97595435 1.0152115
 1.0480106  0.95423    0.92839247 1.024166   1.0010908  0.995174
 0.9330909  0.86251366 0.9602882  0.89971757 0.8231337  0.94425815
 0.8963872  0.9456596 ]
