[1.8039725 1.782149  1.805781  1.8493598 1.8469498 1.8645067 1.8340737
 1.840568  1.8039211 1.8572714 1.8191377 1.7703667 1.7593938 1.8051745
 1.7691263 1.7618499 1.7380906 1.7850142 1.7835404 1.7950972 1.7590804
 1.8129697 1.7866834 1.773356  1.7478205 1.7571615 1.7254847 1.7550548
 1.7885402 1.7593834 1.7767397 1.7531025 1.7371497 1.7994059 1.7883753
 1.79087   1.7981236 1.8141714 1.8583105 1.8399172 1.7833512 1.8506609
 1.8448943 1.8494892 1.8010491 1.7552375 1.856284  1.8621304 1.8125181
 1.8075103 1.7044022 1.7427558 1.802092  1.7414867 1.7805102 1.7612655
 1.8082983 1.8073732 1.8140655 1.7608649 1.8336314 1.7880812 1.8043438
 1.8614361 1.794672  1.8098822 1.8312927 1.8509887 1.817338  1.8060142
 1.8095444 1.8319176 1.8286262 1.8462949 1.9071003 1.8375053 1.8435661
 1.8128023 1.8063314 1.8322974 1.7988623 1.8692651 1.8292656 1.8772297
 1.8363744 1.851723  1.8398368 1.8820033 1.79414   1.873217  1.8266736
 1.8180165 1.8544626 1.9226044 1.8307003 1.8109987 1.8286649 1.8337548
 1.8814361 1.8278897 1.8532143 1.8400226 1.8759483 1.8270653 1.7948779
 1.8241704 1.8896335 1.8497788 1.8134434 1.8439696 1.8575087 1.8180772
 1.8881689 1.9048872 1.879733  1.8669927 1.8493172 1.8434274 1.8306252
 1.9008168 1.9329326 1.8439106 1.9137392 1.8718607 1.8701537 1.9115772
 1.8076402 1.8739988 1.92283   1.8482903 1.878328  1.8646514 1.8699841
 1.848713  1.8706946 1.8668804 1.8755469 1.8720971 1.8716557 1.8508711
 1.8459657 1.8771127 1.9090326 1.849942  1.8273232 1.7970788 1.8083507
 1.8341757 1.8297049 1.8391224 1.7566097 1.8366119 1.8427144 1.8499229
 1.8904727 1.9543856 1.8710128 1.866488  1.8530263 1.8980699 1.903056
 1.8466046 1.8590332 1.9104171 1.8980091 1.8763025 1.9062726 1.8990425
 1.8661684 1.8288636 1.8023278 1.7895122 1.8543328 1.8724117 1.8778065
 1.8683747 1.9187207 1.9482939 1.9145936 1.8804135 1.8388047 1.8718836
 1.902121  1.9209197 1.9311339 1.9857209 1.9967175 1.9710734 1.8765728
 1.9399704 1.9562898 1.9342147 1.908927  1.9428599 2.006016  1.9961402
 1.9939566 1.94125   1.9727722 1.9677787 1.9205062 1.8921282 1.9364637
 1.9117461 1.952854  1.9083612 1.9392217 1.8733906 1.9043723 1.8896011
 1.9516203 1.9073883 1.9173793 1.9427557 1.9524564 1.9610784 1.9464957
 1.9655654 1.9583308 1.9640844 1.933045  1.8765186 1.8840148 1.9097921
 1.8406452 1.9016361 1.859417  1.870405  1.8691653 1.8334968 1.8925905
 1.8526286 1.8450744 1.8343943 1.8851839 1.927733  1.8697405 1.8530154
 1.8317602 1.8121719 1.866253  1.8739212 1.8683219 1.8813957 1.8833762
 1.8306242 1.9416932 1.9845272 1.9086468 1.900158  1.8154131 1.8887911
 1.86249   1.8822724 1.9192941 1.8820211 1.8568954 1.8451412 1.931522
 1.8650709 1.9028754 1.9424707 1.8974619 1.9347953 1.9121267 1.8564277
 1.9298358 1.8847976 1.9354272 1.8854561 1.8760973 1.9087945 1.8691121
 1.9016134 1.8697584 1.9539914 1.9067636 1.8221732 1.8933805 1.8559015
 1.9097679 1.9063829 1.8369876 1.7472324 1.7707473 1.7310061 1.8309169
 1.7593411 1.795197  1.8405685 1.83698   1.8010877 1.8114918 1.898705
 1.8544676 1.8852731 1.7846112 1.8735086 1.8010929 1.8479325 1.8687822
 1.8699635 1.804967  1.7962487 1.8623279 1.9049181 1.8812642 1.9626089
 1.9095746 1.8254409 1.9170749 1.7837478 1.8530653 1.8556249 1.7925017
 1.7907697 1.8501554 1.8060318 1.8431418 1.8254076 1.8352108 1.869369
 1.8549398 1.848144  1.9163831 1.8991692 1.8840652 1.8875858 1.8657163
 1.8182712 1.8703983 1.8075871 1.8377867 1.851566  1.8723096 1.8652864
 1.8541074 1.8793088 1.8528636 1.8302598 1.9005458 1.8076638 1.8182063
 1.8601122 1.9011034 1.9394422 1.878875  1.9232304 1.9306988 1.8070531
 1.8210256 1.8473299 1.819204  1.8125918 1.8818591 1.8597317 1.930888
 1.8470894 1.8415352 1.8342017 1.8547649 1.8435895 1.8309798 1.8216155
 1.798207  1.8220006 1.775975  1.7653996 1.8458371 1.7472091 1.785308
 1.82109   1.7396959 1.7707546 1.762929  1.7889476 1.789126  1.8050177
 1.742713  1.7740207 1.7945094 1.7625098 1.7352083 1.7918612 1.7964343
 1.7323613 1.8223907 1.8415667 1.8093097 1.8340635 1.8105592 1.811265
 1.8299954 1.8061199 1.7790588 1.7735329 1.8027306 1.7493516 1.8144013
 1.8027894 1.8227955 1.784762  1.755828  1.6909181 1.7265521 1.7746627
 1.7362953 1.7597364 1.7695858 1.7334933 1.7324728 1.7246567 1.68477
 1.7184325 1.7699679 1.739823  1.7135772 1.6717151 1.753559  1.7643912
 1.7806933 1.7426955 1.7627972 1.7244328 1.7782325 1.7629166 1.7371626
 1.7708734 1.7659888 1.7575357 1.7796627 1.7779064 1.7646259 1.7726921
 1.7754408 1.8176801 1.7578584 1.742364  1.7584165 1.7520144 1.6813074
 1.7809249 1.7902246 1.7781518 1.736756  1.7263504 1.7306321 1.7795876
 1.7525778 1.7322136 1.7693229 1.7693827 1.7564436 1.7118204 1.7361935
 1.7153684 1.760526  1.7319783 1.7495285 1.777397  1.7506716 1.7869141
 1.7806455 1.7951791 1.7799152 1.8365095 1.7799294 1.7917358 1.7625637
 1.7586432 1.7402864 1.7555834 1.7955437 1.769308  1.7399672 1.7407467
 1.7376547 1.7768551 1.7693772 1.7883501 1.8354801 1.8052245 1.7810667
 1.8162371 1.7579728 1.746604  1.7390587 1.7714334 1.7521927 1.7908185
 1.8481531 1.8045975 1.7826538 1.76365   1.7652578 1.7935966 1.765978
 1.773248  1.6992512 1.7139761 1.7906051 1.7641352 1.7792133 1.779608
 1.7249733 1.8324044 1.8412191 1.8793766 1.8912083 1.8740385 1.8654593
 1.8336638 1.8574321 1.8695769 1.8292612 1.8792669 1.8857285 1.8484327
 1.8301533 1.8294371 1.8644018 1.8139635 1.8527863 1.8576351 1.8264706
 1.7709632 1.8434019 1.8116374 1.8479296 1.8118327 1.8529129 1.8130754
 1.8791934 1.8537838 1.8471631 1.8196864 1.8146601 1.8259579 1.8329767
 1.8605406 1.8570511 1.9375424 1.890889  1.923405  1.835742  1.8950838
 1.8405381 1.8249553 1.8734777 1.8666859 1.8870447 1.8292341 1.8835795
 1.8690014 1.8836468 1.8925458 1.8551345 1.872726  1.869097  1.879852
 1.8382242 1.8811166 1.8690373 1.821515  1.8562763 1.8256385 1.8789876
 1.9186038 1.893751  1.8621739 1.9114691 1.8523303 1.8318074 1.8811003
 1.856536  1.8364793 1.8494903 1.8351926 1.855297  1.798743  1.8569016
 1.8455721 1.854173  1.7894063 1.8351053 1.8546098 1.8113236 1.8260967
 1.8024298 1.8167628 1.7946689 1.8428129 1.8394595 1.7824042 1.8212653
 1.8516607 1.8769397 1.8669007 1.7944833 1.7800459 1.8497281 1.8335023
 1.8161222 1.8217323 1.8338765 1.7450997 1.8860158 1.835262  1.814539
 1.847562  1.8135563 1.8953034 1.8394907 1.8077191 1.8477236 1.8079566
 1.8389554 1.8770756 1.8385078 1.7979541 1.8484129 1.8402578 1.8095529
 1.8666998 1.8388126 1.8632686 1.7829415 1.7856066 1.8288016 1.8061537
 1.8657578 1.747215  1.8264478 1.8059468 1.8106518 1.8156813 1.8631299
 1.8222452 1.840288  1.8434951 1.8007685 1.8246537 1.8279868 1.7628622
 1.843444  1.8379558 1.8131322 1.8440741 1.8053991 1.8235115 1.860856
 1.8186138 1.7556071 1.8240525 1.8197204 1.8226539 1.7773534 1.8491603
 1.8931187 1.8526806 1.8017056 1.7890239 1.8401817 1.7513381 1.7874265
 1.8625796 1.8135192 1.832807  1.828036  1.8592005 1.8809309 1.8664346
 1.8352702 1.8442115 1.8506206 1.8657955 1.8254865 1.8265989 1.8252516
 1.886318  1.8670326 1.8909867 1.8897163 1.8320931 1.8330308 1.8457134
 1.8702444 1.7956338 1.8321173 1.8701608 1.8250053 1.8382945 1.8261709
 1.801994  1.8081793 1.8152124 1.8288989 1.8590504 1.8214284 1.833609
 1.8559799 1.8343707 1.8640013 1.8518183 1.8750361 1.7913831 1.8851477
 1.8169001 1.8182487 1.8379098 1.8687384 1.7870823 1.8526165 1.8670993
 1.8318775 1.8100742 1.8908862 1.8656256 1.7915941 1.8732926 1.8533114
 1.8791232 1.8687457 1.8710431 1.8521641 1.8355317 1.8332895 1.854524
 1.8785987 1.8457175 1.844734  1.8114277 1.8380855 1.8406413 1.8055638
 1.8128303 1.8418503 1.819996  1.8431273 1.8049258 1.8367231 1.8063138
 1.8625023 1.8569047 1.845797  1.8129675 1.8331833 1.8706341 1.8160899
 1.8527386 1.8510524 1.7973976 1.8118556 1.8032452 1.8059641 1.8340319
 1.8026471 1.8173656 1.8453579 1.7613331 1.8399242 1.8707026 1.8401927
 1.8475848 1.8178269 1.8322996 1.7645111 1.853816  1.8493035 1.8232197
 1.8241357 1.7909621 1.792197  1.8139875 1.8391479 1.8825841 1.8263311
 1.847517  1.8783821 1.8553808 1.8500527 1.8934295 1.8500836 1.8600694
 1.8319346 1.8038814 1.8552501 1.7903204 1.7572567 1.7743398 1.7538284
 1.7759411 1.8152786 1.8214433 1.856271  1.7956704 1.8442919 1.8339921
 1.851052  1.8319538 1.8346583 1.7752069 1.8612187 1.871262  1.8475189
 1.8248553 1.816877  1.7763846 1.7954872 1.8557432 1.7664948 1.8085127
 1.8144714 1.8159974 1.8192309 1.8055768 1.7904497 1.8177209 1.813152
 1.8536801 1.8860193 1.837133  1.8533248 1.7879996 1.7907492 1.8368281
 1.8123726 1.8441883 1.8260341 1.8279438 1.8225567 1.8134749 1.8308107
 1.8145974 1.8532833 1.8264035 1.8076581 1.8566308 1.8396355 1.8885763
 1.829979  1.8587221 1.8435477 1.8417897 1.8190038 1.8171469 1.8629084
 1.8448802 1.8562557 1.8661599 1.8421019 1.8197995 1.8688881 1.8136387
 1.8205374 1.9306195 1.8819127 1.8446116 1.8176335 1.8161361 1.8956686
 1.8331367 1.822857  1.8908641 1.8592216 1.8703277 1.8640809 1.8697926
 1.8301347 1.8235359 1.8744162 1.8545271 1.8113358 1.8629593 1.8409883
 1.8366072 1.8443221 1.8998343 1.8811771 1.8535373 1.8683265 1.8344061
 1.8589996 1.904176  1.851957  1.8620838 1.8909677 1.8372058 1.877593
 1.8591913 1.8475492 1.8276391 1.817348  1.8440782 1.9126594 1.8499379
 1.8868052 1.8555452 1.8855466 1.8362249 1.8884959 1.880012  1.892191
 1.8956302 1.8305674 1.8720504 1.8590299 1.862702  1.9001327 1.8697827
 1.8400346 1.8549943 1.8712274 1.8714677 1.8627446 1.8721246 1.8545703
 1.8569593 1.8736413 1.7927269 1.8756164 1.8589246 1.8396801 1.8622444
 1.9532672 1.887972  1.9047832 1.8283544 1.9058951 1.8973786 1.8684466
 1.8889889 1.8779833 1.8435216 1.8314642 1.8516178 1.8484035 1.8557848
 1.9131678 1.9103638 1.8495059 1.8839529 1.8499472 1.8194559 1.8165033
 1.8781396 1.858795  1.8380498 1.8025535 1.8438708 1.8561705 1.7906541
 1.8426894 1.8198069 1.8342701 1.8594714 1.8487442 1.8960841 1.9011612
 1.882444  1.9170808 1.9162686 1.8898982 1.8854543 1.8183732 1.8244476
 1.8826784 1.8521383 1.9135876 1.8789735 1.8385503 1.8870944 1.8520546
 1.8728526 1.8162556 1.8945826 1.8546758 1.8709692 1.9072758 1.8877771
 1.882415  1.8393223 1.8431591 1.8539852 1.8633858 1.9142711 1.8450084
 1.87659   1.8477244 1.8835766 1.9306394 1.9063652 1.9031022 1.8605086
 1.8771905 1.8727448 1.8923345 1.8824891 1.8373315 1.8033024 1.8559743
 1.8342669 1.8350466 1.8538102 1.8864042 1.8518618 1.8854318 1.8233874
 1.8356867 1.81428   1.8627628 1.9289342 1.8839453 1.8961077 1.8455969
 1.8087262 1.8885249 1.8673685 1.8882827 1.885878  1.8753451 1.8753138
 1.9172137 1.8882078 1.7997383 1.875729  1.8504872 1.8245531 1.8862469
 1.894039  1.884204  1.8909683 1.8592371 1.856101  1.869849  1.906021
 1.9133403 1.9014355 1.8729056 1.867916  1.7950393 1.8499277 1.8353841
 1.8955551 1.7970347 1.8294231 1.8569255 1.8578504 1.8719208 1.832625
 1.8463031 1.8714174 1.8707289 1.8509328 1.8345474 1.8053776 1.9171731
 1.8776543 1.8536806 1.8426983 1.8745071 1.8405557 1.8885711 1.8499757
 1.8187183 1.7841672 1.8394897 1.8475797 1.8438711 1.9121331 1.8414301
 1.8273981 1.8620852 1.8323103 1.8507963 1.8676152 1.856558  1.8269827
 1.8401067 1.823475  1.8224227 1.843257  1.8983345 1.8602074 1.863528
 1.8705506 1.8325297 1.8455646 1.8153007 1.7995842 1.8591293 1.8554106
 1.8245496 1.7857211 1.8453382 1.7927825 1.8691927 1.7836097 1.794084
 1.8529065 1.8583138 1.8262472 1.8456079 1.8493088 1.8041005 1.8118078
 1.8307198 1.8447452 1.8304327 1.84523   1.7859833 1.7503145 1.7558532
 1.756037  1.7763512 1.7568159 1.7593995 1.8316315 1.7794377 1.799943
 1.7266159 1.7447076 1.7932495 1.7845361 1.7342732 1.726415  1.7615635
 1.7759804 1.7383533 1.723063  1.7015077 1.7198485 1.6492255 1.6586038
 1.6674738 1.6690997 1.6825233 1.6628034 1.6790359 1.7320945 1.8022519
 1.7416968 1.736651  1.7364336 1.7338818 1.7909997 1.7779459 1.7384553
 1.7551266 1.7209785 1.7321618 1.8313204 1.7771249 1.7463571 1.7828636
 1.758031  1.7791628 1.793335  1.7499088 1.7809259 1.8171595 1.7969702
 1.7719032 1.7691704 1.7852798 1.7362177 1.7804223 1.7872097 1.7640718
 1.7451811 1.740723  1.7761738 1.7260815 1.7218255 1.7803832 1.7770663
 1.7656401 1.7378393 1.7994369 1.7761089 1.7900628 1.7946641 1.7911985
 1.7796264 1.7499429 1.7398777 1.7691597 1.7677298 1.7161726 1.7437844
 1.7531471 1.7714659 1.7188035 1.6997173 1.7762843 1.8273414 1.7369134
 1.7199614 1.7667264 1.7562265 1.7376826 1.7360817 1.7756127 1.7202545
 1.7706872 1.7318249 1.7305511 1.7210802 1.7209439 1.7432446 1.7342029
 1.7253469 1.7690129 1.780415  1.7486796 1.7467456 1.7283005 1.7756081
 1.7836753 1.8617774 1.7990829 1.7521845 1.7794019 1.8179492 1.8239691
 1.7760996 1.7375076 1.7833879 1.7623719 1.7983199 1.7946081 1.8091234
 1.7949687 1.771084  1.7840596 1.7465616 1.8309475 1.8444053 1.7757611
 1.790473  1.7764753 1.6943122 1.7602973 1.7355498 1.7517715 1.7742443
 1.7563559 1.8020722 1.7431397 1.7813071 1.7566546 1.7115978 1.7876711
 1.7834723 1.7882574 1.7705413 1.7381382 1.7558212 1.7360138 1.6993556
 1.7353275 1.7178941 1.7354    1.7158645 1.7341326 1.7215606 1.7433541
 1.7354295 1.8162631 1.8528907 1.7653772 1.7774433 1.7699493 1.7833415
 1.7628618 1.7494735 1.7522535 1.7559471 1.7843039 1.7557883 1.7870656
 1.7835858 1.8443683 1.8055116 1.8459818 1.8165314 1.7965754 1.8122083
 1.8065634 1.8141252 1.7995087 1.7689221 1.7871377 1.802486  1.8022032
 1.7248456 1.8197055 1.7931371 1.7871963 1.798983  1.8313987 1.8147674
 1.8730259 1.8345973 1.8438551 1.8182029 1.8276248 1.7720909 1.7906126
 1.8441054 1.7978646 1.8419038 1.7199725 1.7822217 1.7718356 1.7462432
 1.8448572 1.8219694 1.7554555 1.8364431 1.8221756 1.7835425 1.8293163
 1.810016  1.8197588 1.8665055 1.8407627 1.775192  1.8118973 1.837076
 1.8651662 1.8271707 1.8161595 1.8066849 1.869743  1.8362837 1.7606232
 1.8126566 1.802727  1.7397732 1.8038056 1.7896976 1.7530894 1.79392
 1.8616425 1.8288033 1.840289  1.7474735 1.851459  1.799598  1.7984564
 1.8279583 1.8031604 1.8611301 1.8062285 1.8109671 1.8486415 1.8070283
 1.7124938 1.7292248 1.7791722 1.7243114 1.7802949 1.7241994 1.7767819
 1.7830989 1.7936225 1.8007766 1.8415133 1.8037623 1.8174064 1.9050184
 1.8058562 1.8703486 1.8399285 1.7946192 1.9059297 1.869786  1.8664228
 1.8484293 1.9187844 1.8936094 1.942545  1.8865165 1.8087738 1.8920201
 1.8523484 1.8355371 1.8188653 1.8696136 1.86491   1.8125476 1.7949634
 1.8658652 1.9255614 1.9221967 1.8987427 1.8392534 1.9372205 1.8200651
 1.8362113 1.9153498 1.8459194 1.8670821 1.8484253 1.8415083 1.8558912
 1.862132  1.8021773 1.7619743 1.7359234 1.7414484 1.7320532 1.7815297
 1.7759743 1.8064531 1.8629653 1.828956  1.8666154 1.8595997 1.8565803
 1.8505028 1.8132036 1.881035  1.8352889 1.8760287 1.8264016 1.7910439
 1.809126  1.7783573 1.7683208 1.8119345 1.7897519 1.8307031 1.8717991
 1.8686177 1.8213435 1.8170677 1.8020091 1.8580109 1.8585908 1.8920096
 1.8584958 1.8993955 1.8025379 1.8110262 1.8664155 1.8773755 1.8735306
 1.8279372 1.8257271 1.8881515 1.8137258 1.782135  1.8365406 1.8274442
 1.8156785 1.7423401 1.7425115 1.8357773 1.8507202 1.840904  1.8422128
 1.823374  1.8600026 1.8989317 1.862084  1.8281428 1.8673009 1.920662
 1.8947555 1.8916372 1.8504596 1.8554691 1.8108461 1.8239377 1.8762656
 1.9031736 1.8944753 1.833978  1.8087273 1.8784701 1.8566736 1.7689587
 1.8454614 1.7664238 1.7911938 1.7728208 1.7831528 1.7807595 1.8059739
 1.8151395 1.8267866 1.8192066 1.8136466 1.7693056 1.7901409 1.8098437
 1.8841178 1.8500737 1.88654   1.8275819 1.8437283 1.8933017 1.822451
 1.8168923 1.8254304 1.7518206 1.8478352 1.8119236 1.8690231 1.7990774
 1.8107836 1.7991406 1.8031425 1.7965622 1.7643992 1.8347734 1.8156424
 1.8466986 1.8635298 1.8139225 1.8084865 1.8173689 1.8015788 1.802014
 1.7862306 1.8346136 1.8554277 1.8692188 1.8353083 1.9241084 1.8946607
 1.8882365 1.8824544 1.8539462 1.8123835 1.8663753 1.8372788 1.839438
 1.7737871 1.8141526 1.7967767 1.8158447 1.8253585 1.8726624 1.9104224
 1.8561331 1.8471879 1.8223774 1.8729532 1.8350601 1.8219615 1.8341734
 1.8321702 1.8840094 1.8829969 1.8979065 1.8439354 1.8750043 1.8527436
 1.8148534 1.8376509 1.8436986 1.7877752 1.838237  1.7928234 1.8257345
 1.8402978 1.8696918 1.8228475 1.8196115 1.8257973 1.8319033 1.7947363
 1.7740369 1.8634708 1.8325244 1.7932115 1.8232148 1.8451816 1.7977182
 1.8046451 1.8718965 1.8365966 1.8495595 1.9103545 1.8275934 1.903738
 1.9145753 1.8391073 1.7749888 1.8405339 1.825831  1.8008815 1.8704082
 1.8652947 1.7859797 1.8828757 1.8257773 1.8656056 1.8277086 1.8852526
 1.8717321 1.8792396 1.8338667 1.8672438 1.9019672 1.8891984 1.8895496
 1.8220134 1.8011787 1.8183799 1.9206619 1.8786461 1.8955358 1.7998048
 1.8361677 1.8560033 1.8283807 1.8928064 1.8646777 1.8651857 1.8684889
 1.8784946 1.904598  1.895705  1.9007375 1.8838943 1.910706  1.8429128
 1.8645196 1.832654  1.9103415 1.8561217 1.8371451 1.8291515 1.8839841
 1.9073411 1.8784627 1.9067122 1.8427877 1.8211933 1.8283083 1.8258678
 1.8174641 1.8159952 1.8070188 1.8025792 1.8646789 1.8572693 1.8316971
 1.8607886 1.8937541 1.8824221 1.8387324 1.8529631 1.8330675 1.8574895
 1.8106945 1.880291  1.8061203 1.7900269 1.8897203 1.8407682 1.7895274
 1.84882   1.8324945 1.837888  1.8180997 1.86171   1.8616916 1.8644336
 1.8760992 1.8958697 1.8672187 1.8627473 1.9293722 1.8889248 1.8987461
 1.909844  1.8755529 1.81414   1.8701167 1.9034564 1.8966049 1.8903586
 1.8657997 1.8876361 1.9205782 1.8925978 1.908717  1.8868192 1.8642021
 1.8470967 1.9170582 1.8455422 1.8500171 1.8638887 1.8486463 1.88428
 1.9143369 1.8784877 1.8955768 1.8602471 1.8455925 1.8205652 1.873431
 1.8423643 1.8781079 1.9113089 1.8408109 1.839135  1.8310618 1.8504893
 1.8292702 1.8709315 1.8083801 1.8738298 1.880671  1.8549215 1.8243256
 1.8843615 1.9157532 1.898953  1.8353952 1.8681465 1.8316808 1.893892
 1.9098883 1.836655  1.8670802 1.8585566 1.9015775 1.856844  1.851275
 1.8485571 1.8896748 1.8807641 1.8899245 1.8298059 1.8385302 1.9294255
 1.846684  1.8389835 1.8364215 1.8596455 1.8479215 1.7884492 1.8325707
 1.776206  1.8540156 1.8462362 1.8647093 1.8496953 1.8405974 1.8188258
 1.8848635 1.9199268 1.8389244 1.8852656 1.8286511 1.8512574 1.853792
 1.87789   1.8663214 1.828768  1.8870286 1.8353487 1.8550634 1.81633
 1.8163657 1.8669645 1.865995  1.848746  1.8368055 1.8372227 1.8317252
 1.8594451 1.8814993 1.8769194 1.9034292 1.8591735 1.8255289 1.7989081
 1.9040763 1.8648579 1.855179  1.8000737 1.8349397 1.7839974 1.808602
 1.798321  1.8158146 1.7619436 1.8590851 1.8647888 1.8695871 1.8309152
 1.766709  1.8453231 1.8603615 1.8269563 1.8554697 1.8614028 1.8214456
 1.8767391 1.885254  1.8499503 1.8781976 1.8332293 1.8126116 1.8503101
 1.8555237 1.895468  1.8932804 1.8769429 1.8229494 1.89064   1.8813938
 1.869858  1.8078432 1.8104161 1.8104771 1.8782828 1.8378431 1.8390933
 1.806712  1.8003579 1.7989209 1.7912197 1.836464  1.8523372 1.8925894
 1.8263535 1.8567178 1.8780626 1.8608257 1.8943603 1.8801903 1.8752003
 1.8389057 1.8652534 1.8345771 1.8353533 1.8946255 1.8605988 1.7700477
 1.8457129 1.8199886 1.8387336 1.7778457 1.8080611 1.813647  1.833997
 1.8494191 1.822249  1.8794081 1.8745725 1.8099377 1.8290336 1.8283058
 1.885649  1.7815645 1.7666107 1.8095245 1.847196  1.771319  1.767683
 1.8486586 1.8607537 1.8023572 1.8459773 1.835975  1.8630939 1.8006806
 1.8457038 1.804249  1.8630427 1.8203514 1.7989854 1.7885795 1.8999789
 1.7785407 1.8693974 1.8688285 1.8582103 1.8400651 1.8753977 1.8444189
 1.8575988 1.8289992 1.8328072 1.8008591 1.8841627 1.8513268 1.8724163
 1.8623501 1.8846207 1.8239262 1.8128899 1.7798454 1.8304336 1.8411832
 1.83496   1.847465  1.7759967 1.778788  1.7954788 1.8170962 1.8272359
 1.8108603 1.7937258 1.8459966 1.7652113 1.8347192 1.8583018 1.7914039
 1.745637  1.7360687 1.8133763 1.7755806 1.7819253 1.7378938 1.8225989
 1.8389165 1.8694183 1.8351681 1.8888649 1.8749156 1.848156  1.8421642
 1.8617564 1.8313121 1.8295751 1.8321749 1.8910514 1.801817  1.8472733
 1.8504547 1.8069507 1.837412  1.8164566 1.8452141 1.8373858 1.8533924
 1.858025  1.8229477 1.8177214 1.8139166 1.7771065 1.8366816 1.766434
 1.7810531 1.8398454 1.8079089 1.773051  1.848133  1.7810228 1.8275435
 1.7693719 1.8244445 1.7777753 1.8539842 1.8205199 1.8344523 1.7975088
 1.7923557 1.7648985 1.7512269 1.8206007 1.8722354 1.846566  1.8228432
 1.864388  1.8175347 1.8239119 1.8629485 1.8422384 1.8592308 1.83123
 1.8540089 1.790401  1.7940449 1.8104782 1.8276862 1.8596414 1.8505874
 1.8093181 1.7783115 1.7763206 1.8235599 1.8372803 1.8163188 1.8313631
 1.8237845 1.867641  1.7890016 1.7859098 1.7680526]
